   	      	                      fitness                      	              size             
   	      	---------------------------------------------------	-------------------------------
gen	nevals	avg        	max        	min    	std        	avg    	max	min	std    
0  	300   	976487     	1.09343e+06	568959 	27215.7    	3.79667	11 	2  	1.88909
1  	156   	966326     	1.0872e+06 	568959 	44160.7    	4.19333	12 	1  	1.93631
2  	148   	937983     	1.00082e+06	568959 	87366.5    	4.47333	10 	1  	1.91902
3  	175   	1.1341e+06 	7.6166e+07 	91630.5	4.34194e+06	5.30667	14 	1  	2.1117 
4  	148   	1.3308e+06 	7.6166e+07 	91630.5	6.13371e+06	5.70667	14 	1  	2.15576
5  	167   	3.99701e+06	8.15539e+08	91630.5	4.71967e+07	6.33333	14 	1  	2.20807
6  	175   	5.18266e+06	8.15539e+08	91630.5	4.82297e+07	6.56333	12 	1  	2.06704
7  	176   	2.17168e+06	7.6166e+07 	91630.5	1.05791e+07	6.71667	14 	1  	2.35861
8  	171   	1.23226e+06	7.6166e+07 	91264.4	6.80128e+06	6.58667	14 	1  	2.38938
9  	166   	1.24438e+06	7.6166e+07 	91264.4	7.54382e+06	6.59667	14 	1  	2.47534
10 	161   	411324     	5.59808e+06	91264.4	525553     	6.39333	13 	1  	2.69047
11 	166   	411691     	7.35384e+06	87491.2	721032     	6.46667	17 	1  	2.70473
12 	159   	552921     	5.98506e+07	87397.1	3.48228e+06	6.42333	18 	1  	2.84443
13 	166   	1.50538e+31	4.10066e+33	87397.1	2.37487e+32	6.73333	16 	1  	2.71211
14 	158   	404420     	3.04774e+07	86646.5	1.7795e+06 	7.08667	17 	1  	2.3803 
15 	167   	479416     	2.9397e+07 	86646.5	1.76575e+06	7.83333	17 	1  	2.50444
16 	185   	597252     	3.72083e+07	86646.5	2.73303e+06	8.62333	25 	1  	3.13817
17 	158   	339255     	2.95245e+06	86518.2	431246     	9.07   	27 	1  	3.39879
18 	162   	296138     	3.1287e+06 	86518.2	391255     	9.97   	27 	4  	3.35695
19 	170   	257432     	1.61306e+06	86511.3	349761     	10.74  	24 	1  	3.74242
20 	193   	309558     	3.38746e+06	86202.8	411262     	12.11  	26 	1  	3.88045
21 	171   	643553     	1.19915e+08	86202.8	6.90525e+06	12.9233	30 	1  	3.95527
22 	179   	245940     	1.50143e+06	86202.8	335236     	13.8233	36 	1  	4.60132
23 	169   	300845     	2.40363e+07	86202.8	1.40711e+06	14.0967	32 	1  	5.50521
24 	167   	310256     	2.44622e+07	86195.9	1.451e+06  	14.3267	37 	3  	5.43691
25 	191   	295446     	2.30787e+07	86195.9	1.35119e+06	13.8933	34 	1  	5.24232
26 	159   	228337     	1.00313e+06	86195.9	311669     	13.9533	31 	2  	4.93739
27 	164   	230991     	1.11059e+06	86195.9	311330     	13.6133	29 	1  	4.89188
28 	167   	255234     	8.08132e+06	86195.9	547123     	14.4933	28 	1  	4.91155
29 	154   	374782     	3.58316e+07	86195.9	2.07745e+06	14.7433	30 	1  	4.87279
30 	151   	305673     	2.30787e+07	86195.9	1.35416e+06	14.6467	33 	1  	4.52568
31 	149   	210982     	3.17042e+06	86117  	328928     	14.54  	34 	4  	3.70249
32 	157   	230398     	2.35182e+06	86117  	330181     	14.7933	32 	1  	4.30704
33 	148   	225671     	987477     	86117  	300892     	15.0767	30 	1  	3.84415
34 	149   	572180     	3.11107e+07	86117  	2.91613e+06	15.57  	34 	1  	4.27065
35 	155   	329615     	3.10774e+07	86091.2	1.80544e+06	15.91  	32 	3  	4.17715
36 	152   	391975     	2.35412e+07	85887.4	1.94771e+06	16.1833	31 	4  	4.09183
37 	174   	305930     	2.35412e+07	85804.5	1.37873e+06	16.8167	39 	1  	4.55299
38 	179   	3.0344e+31 	5.00255e+33	85803.7	3.72221e+32	17.16  	36 	1  	5.5004 
39 	171   	204295     	1.11032e+06	85803.7	290195     	18.16  	36 	1  	6.05209
40 	174   	287958     	2.21438e+07	85802.2	1.31056e+06	19.2933	40 	3  	6.90946
41 	169   	5.2848e+08 	1.58453e+11	85494.4	9.13301e+09	20.7933	45 	1  	7.23215
42 	165   	341443     	2.35409e+07	85494.4	1.86383e+06	22.5567	57 	1  	7.62759
43 	171   	281646     	2.35412e+07	85494.4	1.37469e+06	23.8567	54 	1  	8.16922
44 	143   	218989     	1.13786e+06	85491.8	299815     	25.7433	53 	1  	8.37879
45 	160   	222374     	3.47071e+06	85266.9	349106     	26.9133	56 	1  	8.63361
46 	164   	279418     	2.35033e+07	85276.2	1.3725e+06 	29.1333	65 	1  	9.65689
47 	182   	236774     	6.1823e+06 	84958.3	456000     	30.7067	68 	1  	11.0656
48 	196   	235211     	3.80127e+06	84958.3	368758     	31.11  	74 	1  	11.5988
49 	152   	339049     	2.16949e+07	84897.9	1.74113e+06	32.9233	80 	4  	11.193 
50 	173   	269975     	2.16949e+07	84897.9	1.26849e+06	33.9433	80 	5  	11.2526
--------------------------------------------------------------------------------

Best individual:
Required sequence: 2, 10, 4, 40, 92, 352, 724, 2680, 14200, 73712, 365596, 2279184, 14772512, 95815104, 666090624, 4968057848, 39029188884, 314666222712, 2691008701644, 24233937684440, 227514171973736, 2207893435808352, 22317699616364044, 234907967154122528
Actual sequence:   -0.27534338085729587, 22.951334466978746, 7.9716458628175335, 9.163354587744726, -34.133693181826786, -4.799053548271693, -6.455781689187401, 2644.4619323404786, 16.368904954580817, 15.039239172787067, 85.44432639545606, -14.106684801510749, -11.578609099244686, -57.430497838202434, 30.07799095360876, 20.413146720421967, 45.428727147772584, -31.285377944603205, -17.057115941527048, -37.26705698034161, 60.589766879698416, 26.764729131971063, 39.33925532658803, -80.94037208894346


Best algorithm: pdiv(add(cos(n), add(cos(add(cos(cos(add(cos(add(cos(n), n)), n))), add(cos(n), n))), add(cos(n), add(cos(add(cos(cos(n)), add(cos(add(cos(n), n)), n))), add(cos(pi), n))))), cos(n))

Failed!