   	      	                    fitness                    	              size             
   	      	-----------------------------------------------	-------------------------------
gen	nevals	avg    	max        	min      	std    	avg    	max	min	std    
0  	300   	3706.91	7588.42    	1251.98  	599.138	3.68667	7  	2  	1.5964 
1  	167   	3449.55	4881.14    	1251.98  	504.978	3.79   	12 	1  	1.72411
2  	171   	3173.15	4402.14    	1251.98  	617.208	4.03   	11 	1  	1.68001
3  	173   	2817.64	7586.29    	1004.57  	782.809	4.35333	11 	1  	1.78936
4  	171   	2622.9 	71790.9    	129.143  	4105.81	4.55   	11 	1  	1.83689
5  	167   	1858.88	7586.29    	68.5714  	1006.47	4.65667	12 	2  	1.80521
6  	176   	2342.78	130073     	68.5714  	8065.88	4.77667	16 	1  	1.87442
7  	181   	2072.92	99133.7    	68.5714  	6669.5 	5.07667	11 	1  	1.75617
8  	174   	1178.47	29835.4    	68.5714  	2434.23	5.75   	12 	1  	1.87461
9  	158   	3532.34	346693     	68.5714  	28600  	6.17   	12 	1  	1.97343
10 	149   	1528.94	95957.7    	68.5714  	7357.05	6.29667	13 	1  	2.16379
11 	179   	5729.05	409361     	62.2019  	39769.9	6.77   	18 	2  	2.34032
12 	154   	1068.52	118742     	62.2019  	6963.13	6.91   	17 	1  	1.93612
13 	141   	625.82 	21286.9    	62.2019  	1586.34	7.37333	17 	1  	1.99849
14 	165   	3475.15	455231     	62.2019  	35202.3	7.76667	17 	1  	2.14139
15 	160   	4060.77	466471     	56.4453  	30453.3	7.99667	16 	1  	2.36854
16 	139   	3220.97	466471     	38.2961  	29644.3	8.35333	18 	1  	2.57847
17 	162   	8425.67	466471     	38.2961  	58482.4	9.20333	20 	1  	3.17836
18 	174   	4368.79	436706     	35.3511  	30383.5	10.2833	25 	3  	3.50947
19 	141   	5572.96	455737     	16.7763  	37939  	11.0833	22 	1  	3.35903
20 	154   	4832.07	455233     	16.7763  	38180.5	12.1933	26 	1  	3.4248 
21 	165   	10041  	508087     	13.3387  	60311.8	12.68  	28 	1  	3.78914
22 	147   	8028.07	1.55576e+06	14.032   	93531.2	13.0367	28 	1  	3.73747
23 	178   	11905.6	696088     	14.032   	71851  	13.8733	32 	1  	4.55455
24 	169   	6989.4 	594372     	13.4681  	51164.1	14.76  	31 	3  	4.79469
25 	156   	8829.04	620185     	13.3387  	58166  	15.76  	31 	3  	4.44249
26 	176   	3715.86	525062     	11.2139  	33268.3	16.3167	36 	3  	4.72049
27 	160   	6158.38	690002     	12.1982  	51744.4	16.21  	36 	3  	5.04439
28 	158   	8451.54	1.95357e+06	12.1982  	113415 	15.9333	47 	2  	5.62929
29 	145   	3819.89	164288     	12.1982  	21889.7	15.8367	36 	2  	5.23482
30 	160   	4818.44	532122     	7.27964  	41836.3	15.8367	36 	1  	4.58367
31 	164   	5923.63	509503     	7.27964  	44394.7	16.1367	39 	2  	4.70227
32 	171   	5221.66	770161     	7.27964  	47578.8	16.47  	32 	1  	4.37292
33 	166   	2192.19	198904     	7.27964  	16126.2	16.79  	29 	4  	3.71742
34 	145   	8008.17	1.25806e+06	7.27964  	79643.2	17.07  	33 	3  	4.32494
35 	155   	6818.34	550176     	7.07443  	51453.4	17.63  	34 	1  	3.77268
36 	171   	1452.54	147486     	6.5349   	11743.2	17.66  	32 	1  	3.92145
37 	175   	6845.97	663452     	6.5349   	57587  	18.1833	34 	4  	4.12671
38 	168   	3185.82	598125     	6.5349   	35322.3	18.4633	34 	1  	4.72814
39 	167   	1309.01	148138     	5.37133  	12044.3	19.44  	38 	2  	5.21661
40 	169   	3567.38	501613     	3.13859  	32802.1	19.9433	41 	3  	5.69621
41 	149   	4431.12	575541     	3.13859  	45501.9	21.4633	43 	1  	6.46287
42 	171   	2997.67	521216     	3.13859  	32150.6	23.09  	44 	3  	7.20985
43 	169   	786.098	129213     	3.13859  	7477.38	24.5667	66 	1  	8.96171
44 	154   	1897.97	500547     	3.13859  	28846.3	26.1467	54 	3  	8.26631
45 	165   	1854.76	468495     	2.61313  	27001.1	28.16  	60 	1  	9.68647
46 	160   	3396.19	488256     	2.61313  	31665  	29.9167	61 	3  	10.826 
47 	167   	2193.86	167602     	2.61313  	17089.6	32.68  	60 	3  	9.98086
48 	168   	2377.58	505064     	1.77969  	30036.6	35.8467	64 	3  	10.1138
49 	174   	1827.78	484089     	1.77969  	27900.6	37.5   	69 	3  	10.8457
50 	174   	356.778	32167.7    	1.77969  	2137.83	39.2967	72 	1  	9.23843
51 	156   	1860.02	499211     	1.77969  	28774.2	39.3433	71 	3  	9.53863
52 	156   	2336.54	493665     	1.77969  	29643.9	40.32  	78 	3  	9.36221
53 	169   	640.518	125863     	1.77969  	7320.31	40.12  	66 	3  	9.01068
54 	171   	3733.12	572426     	1.77969  	43490.9	40.84  	80 	3  	10.0094
55 	160   	138.818	4078.12    	1.56036  	539.944	40.1367	91 	5  	10.5188
56 	161   	712.546	162761     	1.50378  	9407.45	40.0833	77 	8  	8.49331
57 	140   	156.215	3377.41    	1.50378  	597.95 	40.0933	74 	1  	8.37245
58 	164   	1911.52	514725     	1.50378  	29665.1	39.8367	75 	3  	8.62767
59 	159   	292.562	10445.3    	1.50378  	1126.77	39.3933	85 	3  	10.4594
60 	165   	266.791	15283.3    	1.36446  	1271.65	39.8767	77 	1  	9.9137 
61 	170   	199.641	3266.29    	1.36446  	646.508	39.5833	73 	5  	8.75384
62 	163   	206.653	23245.7    	1.36446  	1427.2 	39.65  	78 	3  	9.50373
63 	158   	752.693	150759     	1.36446  	8733.59	40.4   	82 	1  	10.0598
64 	189   	774.095	171936     	1.31123  	9922.76	40.5833	75 	3  	10.2181
65 	169   	341.821	73854.8    	1.31123  	4270.95	41.45  	82 	3  	11.3022
66 	158   	208.358	4312.8     	1.31123  	723.204	42.1333	83 	3  	10.655 
67 	189   	200.55 	3800.98    	1.31123  	700.355	41.9567	81 	3  	11.5727
68 	171   	190.085	11927.4    	1.31123  	1032.48	43.9467	86 	3  	10.0739
69 	174   	595.492	129961     	1.31123  	7509.87	43.6733	85 	3  	10.529 
70 	168   	229.206	12373.6    	1.31123  	1071.52	43.8633	80 	3  	11.006 
71 	155   	155.67 	4315.24    	1.29957  	638.093	45.0767	71 	2  	9.80701
72 	167   	253.848	32042.1    	1.29957  	1979.75	45.3367	89 	5  	12.3238
73 	145   	532.256	129961     	1.29957  	7501.14	47.2933	86 	10 	9.22175
74 	167   	211.434	4402.14    	1.29957  	754.552	47.6633	88 	3  	10.8005
75 	173   	105.536	3497.67    	1.23108  	461.369	47.7167	92 	3  	10.5   
76 	180   	149.348	3764.57    	0.996042 	595.913	47.21  	74 	2  	10.528 
77 	145   	146.958	3800.98    	1.08043  	589.633	48.5767	94 	3  	10.8424
78 	163   	161.033	9129       	1.08043  	723.983	49.5867	93 	5  	11.2979
79 	151   	92.8045	3382.85    	1.08043  	441.753	50.23  	90 	3  	9.5214 
80 	163   	194.279	9567.1     	0.882645 	893.499	49.5867	90 	3  	11.9564
81 	181   	195.544	9267.44    	0.882645 	796.552	52.0333	97 	3  	11.0166
82 	188   	136.8  	3369.35    	0.882645 	548.026	52.65  	93 	3  	10.2668
83 	173   	168.222	3804.97    	0.882645 	632.717	51.5533	72 	3  	10.5896
84 	165   	96.7346	3801.83    	0.861546 	486.081	53.2967	94 	3  	10.0771
85 	158   	151.041	11009.4    	0.861546 	801.664	53.7833	94 	10 	8.41247
86 	181   	143.245	3675.29    	0.861546 	568.393	53.2567	99 	1  	11.0298
87 	159   	109.802	3855.86    	0.861546 	511.319	54.07  	84 	6  	9.66705
88 	158   	1834.73	509182     	0.78299  	29346.9	54.9267	99 	3  	10.425 
89 	162   	116.41 	9251.81    	0.78299  	692.849	55.7233	89 	16 	8.41388
90 	177   	120.963	3266.29    	0.676715 	484.191	55.5733	109	5  	10.6326
91 	160   	239.326	43868.6    	0.678788 	2568.37	55.2067	95 	3  	11.3289
92 	158   	115.083	9972.04    	0.678788 	689.806	55.5167	105	3  	12.0118
93 	182   	141.247	4315.85    	0.678788 	583.798	55.5667	103	3  	10.8894
94 	149   	578.177	130309     	0.6299   	7527.11	56.4967	114	3  	11.5909
95 	167   	80.5396	3185       	0.545396 	380.056	58.3   	110	8  	10.2328
96 	170   	82.9969	3690.4     	0.545396 	452.163	58.7967	123	3  	11.6748
97 	162   	111.143	4402.29    	0.468475 	521.855	59.17  	101	1  	11.8238
98 	161   	370.546	84117.5    	0.468475 	4864.84	60.5733	101	14 	9.44447
99 	184   	126.861	4801.09    	0.468475 	581.07 	60.0167	102	20 	11.9885
100	140   	95.6809	13694.7    	0.468475 	826.197	60.1933	84 	24 	9.00829
101	159   	49.7291	3081.07    	0.468475 	272.253	59.47  	96 	24 	8.7252 
102	147   	1829.95	509612     	0.468475 	29375.5	58.89  	96 	3  	10.5077
103	169   	646.695	152447     	0.468475 	8799.44	57.59  	93 	3  	11.3787
104	167   	100.326	3307.06    	0.433956 	465.627	57.2067	94 	7  	11.2637
105	149   	625.177	152447     	0.433956 	8795.32	59.82  	110	7  	13.6575
106	166   	114.562	3855.86    	0.414892 	528.017	63.1167	104	1  	12.7806
107	151   	126.052	3945.83    	0.329098 	564.845	65.1033	104	8  	12.0888
108	144   	118.749	12031.2    	0.333573 	820.38 	68.3733	107	7  	11.1684
109	170   	158.787	3765.8     	0.333573 	651.61 	68.04  	107	1  	13.6755
110	178   	187.092	16380      	0.330767 	1080.79	68.9933	142	7  	13.3041
111	155   	113.776	4182.37    	0.330767 	533.389	71.2467	113	30 	11.9524
112	183   	119.626	3323.01    	0.32054  	527.649	72.1967	116	7  	13.5134
113	166   	103.718	3307.06    	0.32054  	475.002	72.8733	116	7  	15.7   
114	167   	143.606	8811.82    	0.32054  	749.748	75.9133	116	3  	16.931 
115	185   	80.8313	3769.21    	0.22798  	457.606	76.7833	128	18 	17.2786
116	170   	97.9588	3745.91    	0.308321 	471.417	77.7967	130	12 	17.2761
117	176   	668.127	160839     	0.308321 	9294.82	76.6733	145	17 	17.7458
118	172   	5301.41	1.56682e+06	0.282648 	90306  	77.61  	120	6  	17.9859
119	162   	72.8529	4881.14    	0.282648 	462.968	78.3633	144	3  	18.3646
120	142   	20.7361	3675.29    	0.282648 	219.35 	81.1   	143	2  	20.0189
121	166   	93.0171	3764.57    	0.256808 	487.431	83.23  	124	2  	21.6605
122	159   	2053.21	584796     	0.256808 	33707  	85.75  	133	1  	20.8175
123	138   	82.3308	3849       	0.212979 	459.559	90.7667	126	8  	21.1931
124	155   	83.566 	3941.27    	0.0771022	465.688	95.03  	143	32 	19.5051
125	157   	74.748 	3741.74    	0.212979 	431.066	101.967	147	4  	16.2751
126	170   	49.8227	3295.33    	0.210655 	334.088	103.937	145	54 	12.0399
127	174   	71.1318	3679.46    	0.210655 	425.711	105.57 	142	42 	11.3894
128	179   	68.2721	3772.98    	0.107224 	437.273	105.253	143	56 	11.4416
129	194   	71.4344	3675.29    	0.107224 	401.732	105.57 	143	1  	12.2425
130	174   	64.7304	3741.94    	0.089409 	371.145	105.397	143	5  	12.6383
131	169   	54.2355	3387.31    	0.0767022	341.599	106.463	133	47 	10.9752
132	166   	40.3268	3247.64    	0.0767022	297.607	107.363	135	37 	11.2225
133	161   	81.0603	11039.4    	0.0680804	705.108	107.883	135	50 	10.8075
134	176   	91.5306	11027.5    	0.0680804	719.269	107.437	146	52 	11.3455
135	155   	196.6  	26317      	0.0680804	1738.1 	105.99 	146	51 	12.9191
136	166   	74.581 	7304.4     	0.0657801	531.525	103.503	131	54 	11.9999
137	151   	91.7106	3291.91    	0.0657801	447.343	100.523	144	55 	13.7461
138	134   	48.1616	4343.22    	0.0657801	375.305	98.03  	125	7  	12.1664
139	169   	88.9086	3294.59    	0.0630594	471.884	94.6367	126	1  	10.84  
140	150   	84.0916	3674.42    	0.0630594	458.969	92.9633	122	28 	10.5689
141	168   	74.4441	3413.97    	0.0624711	454.23 	92.98  	131	30 	10.1997
142	166   	60.2273	2956.81    	0.0624711	360.433	93.6833	131	26 	10.5942
143	162   	76.5121	3293.65    	0.0624711	427.774	94.3233	131	29 	11.5475
144	157   	95.4661	3294.59    	0.0624711	479.8  	95.7733	131	28 	11.4278
145	176   	54.7867	2679.37    	0.0571888	309.858	96.2067	125	55 	9.28174
146	139   	69.5626	3402.04    	0.0571888	418.878	97.3467	130	1  	11.1202
147	169   	87.2861	7465.87    	0.0571888	541.02 	96.61  	136	31 	10.5952
148	176   	60.0322	3268.04    	0.0571888	363.69 	95.9233	122	57 	10.4491
149	186   	353.851	71879.8    	0.0571888	4170.22	94.53  	133	28 	11.9893
150	161   	62.2653	3167.14    	0.0571888	356.709	95.71  	123	49 	10.0482
151	157   	54.8475	3294.59    	0.0571888	327.201	96.3033	127	56 	10.4341
152	167   	120.018	11007.2    	0.0571888	781.706	96.79  	128	29 	11.2762
153	152   	72.0669	11025.6    	0.0570277	677.906	97.5833	141	46 	11.4212
154	155   	49.2908	3305.97    	0.0570277	311.242	98.3133	140	52 	9.54717
155	169   	110.313	7464.92    	0.0570277	607.509	97.5567	127	28 	11.8265
156	162   	88.5783	3832.42    	0.0566179	506.631	97.7567	125	28 	12.6803
157	157   	53.0486	3315.52    	0.0550906	329.014	98.4333	123	33 	10.4422
158	175   	70.5734	3675.29    	0.0550906	413.51 	99.14  	124	2  	11.26  
159	148   	139.721	12896      	0.0550906	893.787	98.6733	131	2  	13.5418
160	160   	67.3815	3378.07    	0.0550906	433.625	99.17  	147	31 	11.9823
161	161   	59.8932	3294.59    	0.0550906	366.294	99.8733	129	44 	10.5677
162	149   	65.8769	3294.59    	0.0550906	390.225	101.36 	130	57 	9.89227
163	150   	19.7021	3294.59    	0.0550906	196.725	103.143	138	56 	10.3571
164	158   	131.915	4205.57    	0.0550906	592.647	104.307	141	4  	14.3013
165	168   	95.1325	3794.21    	0.0394921	517.558	105.543	142	28 	13.4259
166	146   	59.341 	3213.1     	0.0394921	321.36 	106.987	142	31 	12.0684
167	162   	108.834	3794.21    	0.0394921	540.263	107.403	154	29 	13.4589
168	168   	72.22  	3933.94    	0.0394921	455.18 	107.743	152	28 	12.7728
169	144   	72.4378	7464.92    	0.0394921	542.417	109.337	149	22 	11.9109
170	162   	65.0425	3832.28    	0.0394921	405.932	108.993	141	30 	11.4787
171	147   	41.8267	3364.7     	0.0381822	291.398	109.957	149	29 	12.4513
172	163   	49.4036	3336.31    	0.0305787	340.517	110.59 	161	30 	13.669 
173	173   	164.024	11998.2    	0.0305787	888.527	110.05 	153	4  	14.5394
174	180   	104.09 	4302.86    	0.0251249	493.654	109.653	156	3  	14.0418
175	169   	100.676	11048.9    	0.0305787	755.07 	109.943	158	1  	14.1598
176	157   	58.7665	3213.1     	0.0305787	367.625	110.13 	141	28 	12.1724
177	163   	72.5795	3706.38    	0.0305787	429.72 	110.327	142	68 	9.62012
178	172   	64.051 	9163.25    	0.0261368	575.456	107.983	161	30 	12.864 
179	162   	115.855	9163.25    	0.02514  	696.962	107.05 	158	28 	12.7012
180	188   	592.241	79549.9    	0.02514  	6359.19	106.04 	138	26 	13.6677
181	155   	127.539	15324.6    	0.0242628	999.829	104.877	131	28 	11.452 
182	177   	109.236	11049.9    	0.0242628	768.432	104.337	131	3  	13.4391
183	162   	87.896 	3378.07    	0.0160734	476.971	105.627	139	28 	12.7533
184	159   	48.7964	4347.5     	0.0160734	360.995	105.567	131	39 	10.7941
185	162   	26.6019	2765.51    	0.0160734	191.444	106.987	141	68 	9.78127
186	161   	157.979	15324.6    	0.0160734	1059.31	106.867	143	29 	11.9617
187	160   	69.9565	3187.27    	0.0160734	408.429	107.86 	142	56 	10.143 
188	174   	105.044	8413.7     	0.0160734	671.494	107.883	155	26 	12.3387
189	173   	63.1036	3832.91    	0.0160734	380.471	109.34 	156	59 	11.7728
190	163   	51.2882	3176.08    	0.0160734	312.621	110.783	143	60 	10.1224
191	159   	113.721	3681.42    	0.0160234	502.898	111.777	143	63 	9.92069
192	172   	82.4269	12046      	0.0160234	772.036	111.86 	143	16 	11.3587
193	172   	113.194	7069.11    	0.0160234	603.756	112.38 	163	30 	12.3054
194	159   	15.1118	1015.19    	0.0160234	99.0083	112.687	139	64 	9.78307
195	170   	35.5409	3279.41    	0.0160234	254.524	112.537	141	36 	11.0548
196	163   	207.738	23363.7    	0.0160234	1603.47	112.03 	139	35 	11.5197
197	149   	54.3333	3465.82    	0.0160234	345.625	111.537	134	60 	10.4799
198	161   	128.31 	11041.7    	0.0160234	802.501	111.907	140	20 	12.7694
199	180   	74.6592	3764.36    	0.0160234	433.434	111.187	163	2  	13.5062
200	182   	87.5168	10593.5    	0.014947 	710.015	113.09 	161	36 	11.1932
--------------------------------------------------------------------------------

Best individual:
Required sequence: 2, 8, 20, 28, 50, 82, 126
Actual sequence:   1.9420221664518085, 7.93423865811592, 19.855079173217334, 28.08008930692256, 49.85211541355083, 81.86734463411288, 125.82662388910612


Best algorithm: add(mul(add(add(n, sin(add(add(add(n, sin(add(add(n, add(n, neg(cos(n)))), neg(protected_divide(cos(n), n))))), n), neg(protected_divide(cos(add(n, sin(add(sin(add(n, protected_divide(cos(n), n))), protected_divide(cos(n), add(protected_divide(mul(sin(1), sin(n)), cos(n)), add(n, n))))))), 1))))), n), add(n, sin(add(add(n, protected_divide(protected_divide(cos(n), add(add(n, add(n, neg(cos(protected_divide(neg(protected_divide(protected_divide(n, 1), mul(n, n))), mul(neg(n), neg(0))))))), neg(0))), cos(n))), 1)))), add(add(n, sin(add(add(add(n, add(n, cos(n))), n), neg(protected_divide(neg(protected_divide(cos(protected_divide(neg(-1), neg(n))), n)), n))))), neg(cos(n))))

Failed!