   	      	                      fitness                      	              size             
   	      	---------------------------------------------------	-------------------------------
gen	nevals	avg        	max        	min    	std        	avg    	max	min	std    
0  	300   	1076.36    	5078       	11.9329	429.19     	3.57   	7  	2  	1.54438
1  	174   	1241.86    	55835      	11.9329	3940.18    	3.76   	9  	1  	1.63984
2  	155   	779.768    	4405       	11.9329	411.819    	3.99   	10 	1  	1.69801
3  	154   	555.122    	3806.99    	11.9187	415.174    	4.27333	12 	1  	1.84173
4  	147   	792.429    	41491      	11.9187	4128.27    	4.43667	10 	1  	1.95772
5  	150   	666.656    	43149      	11.7211	4206.61    	4.53   	14 	1  	2.1313 
6  	160   	969.851    	55835      	11.7211	6191.06    	4.9    	16 	1  	2.35301
7  	157   	1323.02    	55835      	11.9038	6995.42    	5.57   	16 	1  	2.58298
8  	155   	745.566    	41491      	11.7843	4756.4     	7.23   	18 	1  	2.75991
9  	153   	1116.84    	41471.5    	11.085 	6244.88    	8.48333	18 	1  	2.9331 
10 	182   	456.196    	41448.9    	11.085 	3379.86    	9.49667	19 	1  	3.11716
11 	152   	580.415    	41469.9    	11.085 	4117.48    	10.4   	21 	1  	3.32365
12 	156   	447.401    	41469.9    	11.085 	3390.12    	10.8767	22 	1  	3.20647
13 	174   	585.785    	41765.5    	11.085 	4141.52    	11.4633	28 	3  	3.70252
14 	170   	566.558    	41454.8    	11.085 	4127.74    	11.43  	29 	1  	4.3434 
15 	171   	741.143    	41454.8    	11.085 	4743.82    	11.2933	31 	3  	4.67625
16 	166   	543.913    	41449.4    	11.085 	4120.4     	10.7233	31 	1  	4.86005
17 	188   	1636.45    	72615.7    	7.59423	7921.91    	9.49667	25 	1  	4.26732
18 	205   	1208.7     	41526.7    	10.1562	6234.49    	8.69333	23 	1  	3.52032
19 	186   	1288.26    	55980.3    	10.2532	6600.25    	8.82667	29 	2  	4.43358
20 	189   	1587.72    	41469.9    	10.2532	7394.73    	7.83   	26 	1  	3.45559
21 	154   	1008.68    	41486.9    	10.2532	5789.05    	7.95667	26 	1  	3.57791
22 	170   	1063.66    	41391.3    	10.1562	5777.9     	7.93667	29 	1  	3.9174 
23 	174   	1802.49    	55705.3    	9.93441	8033.02    	7.95667	25 	1  	3.62787
24 	190   	1208.69    	41608.1    	9.51231	6251.81    	8.91667	27 	1  	4.38137
25 	146   	755.034    	41375.1    	9.51231	4778.45    	9.89333	29 	3  	5.17448
26 	188   	1450.63    	41429.9    	9.44794	6810.81    	12.2933	32 	1  	6.41617
27 	192   	1382.32    	157577     	6.05437	10472.3    	13.4567	35 	1  	6.78342
28 	157   	404.881    	41475.8    	6.05437	3385.98    	13.8767	36 	3  	6.94849
29 	158   	1006.15    	41475.8    	6.05437	5792.54    	14.7933	49 	1  	8.07861
30 	145   	931.435    	42271.6    	5.93215	5378.13    	16.41  	51 	2  	9.10102
31 	159   	666.167    	42271.6    	5.93215	4178.76    	17.0967	43 	4  	8.85404
32 	158   	22565.5    	4.28417e+06	5.93215	278142     	17.69  	51 	1  	9.2643 
33 	180   	1227.31    	137967     	5.93215	8911.01    	18.1367	46 	1  	9.42079
34 	167   	4609.14    	1.09265e+06	5.93215	63136.2    	18.9033	50 	3  	9.20366
35 	158   	834.405    	41056.8    	5.93215	4289.67    	21.8367	45 	2  	9.0901 
36 	151   	74000.8    	2.20779e+07	5.69124	1.27253e+06	23.34  	48 	3  	9.56823
37 	165   	771.311    	55837.8    	5.20775	5275.26    	25.44  	51 	5  	8.47623
38 	179   	132717     	3.51338e+07	3.13347	2.03233e+06	26.8067	52 	5  	7.63037
39 	170   	5.05096e+07	1.24704e+10	3.13347	7.34695e+08	28     	54 	3  	7.74209
40 	143   	2.5679e+06 	7.69117e+08	3.13347	4.43307e+07	28.5   	52 	5  	6.11637
41 	188   	356.259    	14693.7    	1.98557	1758.06    	28.67  	54 	1  	7.98004
42 	176   	1.58773e+08	4.76299e+10	3.13347	2.74533e+09	29.1733	56 	2  	6.91929
43 	172   	547.352    	42880.8    	2.98498	3947.41    	29.08  	57 	1  	7.26454
44 	174   	1.19551e+09	3.58653e+11	2.34824	2.06723e+10	29.1933	70 	1  	7.0802 
45 	152   	2.55029e+09	7.62075e+11	2.34824	4.39248e+10	29.8233	59 	5  	6.1562 
46 	171   	3.08258e+08	4.76299e+10	2.34824	3.76448e+09	30.79  	60 	5  	7.57667
47 	141   	2.54025e+09	7.62075e+11	2.34824	4.3925e+10 	31.89  	66 	5  	8.60453
48 	161   	1.58767e+08	4.76299e+10	2.26392	2.74533e+09	32.07  	71 	2  	9.28862
49 	171   	1.27874e+08	3.83579e+10	2.26392	2.2109e+09 	32.7467	71 	5  	9.14526
50 	165   	81313.9    	1.94442e+07	1.98557	1.13515e+06	33.8267	87 	5  	11.1894
51 	165   	171158     	5.12834e+07	1.98557	2.9559e+06 	35.2033	95 	5  	10.6152
52 	148   	392.467    	60682      	1.98557	3697.55    	37.7167	85 	5  	12.0112
53 	155   	2.63835e+06	7.90021e+08	1.98557	4.55356e+07	41.33  	73 	3  	13.0902
54 	157   	1.56839e+10	4.70517e+12	1.98557	2.712e+11  	45.35  	84 	5  	13.9251
55 	163   	9.105e+07  	2.7314e+10 	1.82713	1.57434e+09	49.2267	99 	2  	14.0886
56 	145   	94874.7    	2.8335e+07 	1.82713	1.63317e+06	52.3233	81 	5  	11.9535
57 	170   	152957     	4.42988e+07	1.82713	2.55338e+06	51.4333	82 	1  	12.4897
58 	180   	12476.5    	3.57691e+06	1.82713	206173     	50.68  	105	2  	12.8012
59 	151   	2.54543e+08	7.63629e+10	1.82713	4.40146e+09	51.6633	95 	5  	11.1396
60 	156   	307.601    	42054.4    	1.82713	2873.43    	50.05  	86 	5  	10.9797
61 	187   	1387.12    	141107     	1.63766	11550.2    	50.3367	95 	3  	9.64935
62 	171   	638.208    	94673.7    	1.63766	6194.6     	48.6433	94 	5  	9.99013
63 	171   	892.3      	123481     	1.63766	7997.38    	48.5833	92 	1  	10.0944
64 	158   	530.453    	60682      	1.63766	4436.74    	48.82  	91 	3  	9.68578
65 	151   	1071.55    	309879     	1.56781	17859.6    	49.05  	88 	1  	8.95102
66 	169   	815.996    	95530.3    	1.56781	6934.89    	49.46  	79 	2  	9.79464
67 	172   	282.139    	25857.7    	1.56781	2107.58    	48.7767	81 	5  	9.17897
68 	170   	1.53186e+10	4.59559e+12	1.56781	2.64884e+11	50.58  	81 	5  	9.06184
69 	144   	234.768    	43653.5    	1.56781	2639.72    	50.8233	75 	5  	8.71505
70 	163   	8438.5     	2.18114e+06	1.56781	126092     	51.4833	98 	5  	10.6431
71 	156   	1987.11    	398981     	1.56781	24508      	52.8933	81 	7  	8.55932
72 	161   	634.692    	60682      	1.56781	5040.83    	52.2033	82 	2  	9.95433
73 	169   	414.021    	61255.1    	1.56781	3816.35    	52.0367	84 	2  	10.946 
74 	154   	1.20702e+10	3.62106e+12	1.56781	2.08714e+11	51.14  	74 	1  	10.2261
75 	181   	34295      	1.01553e+07	1.56781	585344     	51.24  	93 	5  	9.87771
76 	164   	1.43274e+10	4.29823e+12	1.56781	2.47744e+11	51.5267	102	5  	9.89963
77 	173   	84.4883    	4391.17    	1.56781	418.729    	51.1833	84 	7  	8.29677
78 	165   	70356.5    	1.07604e+07	1.56781	851378     	50.4567	80 	5  	8.89427
79 	158   	278.658    	41481.4    	1.56781	2522.29    	50.4433	75 	5  	8.18536
80 	164   	73.2289    	4391.17    	1.56781	327.114    	50.15  	76 	3  	8.58453
81 	175   	1.65895e+06	4.97616e+08	1.56781	2.86819e+07	49.62  	97 	5  	10.8577
82 	159   	952.48     	141294     	1.56781	8873.93    	49.64  	97 	3  	9.87575
83 	150   	298.296    	41481.4    	1.56781	2903.86    	50.92  	97 	5  	9.67851
84 	152   	189.831    	35499.1    	1.55502	2076.78    	51.23  	97 	3  	9.4211 
85 	153   	1551.07    	266754     	1.55502	16341.6    	50.56  	97 	3  	9.24697
86 	169   	34302.5    	1.01553e+07	1.55502	585334     	49.6833	81 	4  	10.2194
87 	170   	1.65947e+06	4.97616e+08	1.54649	2.86819e+07	50.68  	91 	6  	9.30793
88 	182   	11286.9    	3.22904e+06	1.54649	186129     	49.5233	81 	3  	10.6653
89 	144   	1.20703e+10	3.62106e+12	1.54649	2.08714e+11	49.6067	87 	1  	10.4597
90 	180   	1.32525e+06	3.78691e+08	1.51324	2.18505e+07	50.5033	96 	1  	10.2945
91 	168   	1.20702e+10	3.62106e+12	1.51324	2.08714e+11	51.06  	96 	8  	9.72538
92 	163   	1.57744e+10	4.72485e+12	1.51324	2.72333e+11	51.8033	87 	7  	9.1614 
93 	172   	2.62372e+10	4.25008e+12	1.51324	3.21293e+11	52.0133	85 	5  	9.17786
94 	159   	1332       	373196     	1.51324	21511.2    	52.2433	100	7  	10.1891
95 	144   	1.24291e+10	3.60146e+12	1.51324	2.07689e+11	52.0467	89 	3  	10.2903
96 	166   	745.183    	102297     	1.51324	6756.76    	51.8067	84 	5  	9.9272 
97 	154   	1.20049e+10	3.60146e+12	1.51324	2.07584e+11	51.2733	76 	3  	10.3765
98 	172   	1.39422e+10	4.18267e+12	1.44728	2.41084e+11	51.5233	101	4  	10.7413
99 	173   	24130.4    	6.96375e+06	1.51324	401387     	51.07  	77 	5  	9.84979
100	154   	2.59245e+09	7.77557e+11	1.51324	4.48174e+10	50.94  	82 	1  	10.0719
101	168   	1396.79    	357749     	1.51324	20712.2    	50.9767	99 	2  	9.84324
102	160   	456.802    	43653.5    	1.51324	3746.76    	50.7033	81 	5  	9.2748 
103	182   	699.512    	139168     	1.4777 	8255.27    	49.95  	97 	2  	9.82993
104	182   	882.831    	138969     	1.4777 	8662.23    	50     	98 	1  	11.2172
105	158   	33465.8    	9.65011e+06	1.4777 	556294     	49.8333	98 	1  	11.2365
106	169   	9.58907e+09	2.87671e+12	1.4777 	1.6581e+11 	50.54  	79 	8  	8.78645
107	162   	9180.64    	2.56503e+06	1.4777 	148033     	50.26  	98 	6  	8.5021 
108	169   	5019.84    	1.4129e+06 	1.4777 	81496      	49.8567	94 	4  	8.90334
109	167   	1770.68    	274374     	1.4777 	18044.6    	50.0367	99 	5  	9.9107 
110	161   	9.58905e+09	2.87671e+12	1.4777 	1.6581e+11 	50.4067	83 	5  	9.72529
111	162   	2.3698e+06 	7.10864e+08	1.4777 	4.09733e+07	50.6733	83 	5  	8.88669
112	180   	9.56485e+09	2.86945e+12	1.4777 	1.65392e+11	49.7367	82 	4  	9.83263
113	179   	9.56485e+09	2.86945e+12	1.4777 	1.65392e+11	50.1433	83 	2  	10.1095
114	159   	27550.1    	8.09372e+06	1.4777 	466499     	49.24  	91 	3  	10.8822
115	170   	6252.52    	1.80381e+06	1.4777 	103981     	49.67  	91 	3  	11.1717
116	160   	658.473    	95887.7    	1.4777 	6141.27    	50.1533	97 	3  	9.87201
117	187   	1.20507e+10	3.6152e+12 	1.4777 	2.08376e+11	50.1533	83 	5  	9.93092
118	154   	632.789    	88828.6    	1.46171	5954.01    	50.8967	98 	1  	12.0979
119	160   	8.15983e+09	2.44795e+12	1.46171	1.41097e+11	50.4367	77 	5  	8.8287 
120	159   	1335.78    	336335     	1.46171	19463.9    	50.52  	97 	5  	10.4072
121	172   	74.9561    	4862.91    	1.46171	380.011    	50.82  	89 	5  	8.70714
122	129   	138.434    	14582.2    	1.46171	1011.06    	51.03  	106	5  	9.75922
123	165   	9.56485e+09	2.86945e+12	1.46171	1.65392e+11	49.3033	81 	3  	11.4096
124	156   	2872.89    	799710     	1.46171	46110      	49.92  	95 	1  	10.8646
125	165   	101.692    	5097.52    	1.46171	533.61     	49.8067	101	5  	9.88918
126	160   	3.35421e+10	4.17305e+12	1.46171	3.38781e+11	50.7733	85 	5  	9.79364
127	169   	816.389    	177546     	1.46171	10502.5    	50.6367	78 	1  	9.4702 
128	162   	17689.4    	3.62991e+06	1.46171	218687     	50.6033	98 	2  	10.6955
129	157   	413.579    	41514.2    	1.46171	3466.12    	51.8   	86 	3  	8.67948
130	172   	10097.4    	1.97702e+06	1.46171	123007     	51.1567	76 	1  	9.65015
131	164   	297.146    	43653.5    	1.46171	3009.58    	51.0633	79 	5  	10.3836
132	166   	1.39102e+10	4.17305e+12	1.46171	2.40529e+11	51.0867	78 	5  	8.70053
133	174   	378.689    	41531      	1.46171	3400.14    	51.1733	79 	2  	9.6528 
134	170   	1.50212e+11	4.08906e+13	1.46171	2.36833e+12	50.55  	80 	1  	9.9402 
135	171   	3133.14    	874206     	1.46171	50404.8    	51.03  	96 	3  	10.9216
136	182   	34022.3    	9.88449e+06	1.46171	569749     	51.3867	83 	5  	10.3317
137	160   	250.47     	28516.1    	1.46171	2298.58    	51.0833	83 	2  	10.0215
138	178   	1.39102e+10	4.17305e+12	1.46171	2.40529e+11	49.87  	84 	2  	11.8788
139	158   	828.86     	142360     	1.46171	8802.68    	50.1967	97 	5  	11.2776
140	170   	4808.92    	1.08945e+06	1.46171	64103.8    	50.8567	79 	3  	9.38098
141	189   	1002.6     	142360     	1.46171	9226.57    	50.3267	100	2  	11.3161
142	178   	1.39102e+10	4.17305e+12	1.46171	2.40529e+11	50.92  	99 	3  	10.6964
143	187   	4.17305e+10	4.17305e+12	1.46171	4.15213e+11	51.07  	97 	1  	11.5446
144	164   	1.39102e+10	4.17305e+12	1.46171	2.40529e+11	51.3733	81 	6  	9.59656
145	175   	115702     	2.56797e+07	1.46171	1.54807e+06	51.91  	99 	5  	9.52935
146	149   	623.829    	148540     	1.46171	8616.46    	50.9667	79 	5  	9.44063
147	166   	8.9042e+06 	2.66896e+09	1.46171	1.53835e+08	50.5667	80 	4  	10.2719
148	173   	1.39102e+10	4.17305e+12	1.46051	2.40529e+11	51.3967	101	6  	9.88295
149	154   	156.619    	20108.1    	1.46171	1226.22    	51.3867	92 	1  	8.6962 
150	182   	1.73719e+08	5.2115e+10 	1.46171	3.00384e+09	51.13  	103	5  	10.9133
151	149   	1.00671e+10	3.02013e+12	1.46171	1.74076e+11	51.8867	81 	6  	8.53701
152	171   	33643.2    	9.88449e+06	1.46171	569751     	51.97  	79 	5  	9.85879
153	152   	1.39102e+10	4.17305e+12	1.46171	2.40529e+11	51.5833	79 	6  	8.91421
154	166   	36981.1    	9.88449e+06	1.46171	573632     	51.6367	103	3  	10.5798
155	174   	227.509    	40850.1    	1.46171	2379.62    	52.08  	104	5  	9.02332
156	157   	7741.07    	2.28606e+06	1.46171	131764     	51.3   	83 	5  	9.93663
157	145   	3833.12    	1.06356e+06	1.46171	61324.9    	51.6567	80 	6  	8.83773
158	180   	1.39102e+10	4.17305e+12	1.46171	2.40529e+11	51.11  	78 	2  	10.0421
159	165   	448358     	1.34293e+08	1.46171	7.74042e+06	50.64  	78 	1  	10.0785
160	172   	43472.9    	9.88449e+06	1.46171	597047     	50.87  	99 	1  	9.87622
161	152   	310.197    	41531      	1.46171	3003.01    	51.0467	97 	3  	8.51261
162	158   	1.39102e+10	4.17305e+12	1.46171	2.40529e+11	50.45  	76 	4  	8.51709
163	148   	1.39102e+10	4.17305e+12	1.46171	2.40529e+11	50.8067	103	5  	9.56849
164	169   	1.39102e+10	4.17305e+12	1.46171	2.40529e+11	50.77  	99 	5  	10.3674
165	154   	1.39102e+10	4.17305e+12	1.46171	2.40529e+11	50.5333	98 	6  	9.28344
166	182   	3879.7     	1.06434e+06	1.46171	61401.8    	51.5933	85 	1  	8.98079
167	175   	9.66395e+06	2.897e+09  	1.46171	1.66979e+08	50.32  	78 	5  	9.13989
168	153   	5.7293e+08 	1.71867e+11	1.46171	9.9062e+09 	49.8467	77 	1  	9.56573
169	167   	1.39102e+10	4.17305e+12	1.46171	2.40529e+11	49.93  	80 	5  	10.3662
170	137   	1.39102e+10	4.17305e+12	1.46171	2.40529e+11	50.9233	79 	5  	9.34331
171	125   	175.794    	28569.9    	1.46171	1687.99    	50.9967	79 	1  	9.42214
172	173   	6229.97    	1.707e+06  	1.46171	98463.3    	50.5667	79 	3  	9.25449
173	189   	442.351    	41531      	1.46171	3572.07    	50.5833	97 	5  	9.6019 
174	174   	2.31616e+08	6.94847e+10	1.46171	4.00501e+09	50.2767	97 	5  	10.2554
175	165   	8.92988e+06	2.66896e+09	1.46171	1.53835e+08	50.6133	81 	5  	9.27239
176	166   	203.043    	35742.6    	1.46171	2099.97    	50.8433	80 	1  	9.56132
177	174   	144.652    	14264.6    	1.46171	963.185    	50.7367	77 	5  	9.5656 
178	139   	885.899    	142360     	1.46171	9221.61    	50.5   	83 	3  	9.28996
179	177   	77.3843    	4862.91    	1.46171	479.604    	50.06  	81 	5  	9.89258
180	168   	33010.8    	9.88449e+06	1.46171	569726     	50.9433	89 	2  	9.00889
181	152   	261.45     	41514.2    	1.46171	2675.39    	51.19  	77 	4  	9.05836
182	160   	1.39102e+10	4.17305e+12	1.46171	2.40529e+11	51.3767	85 	3  	8.55033
183	173   	33815.6    	9.88449e+06	1.46171	569753     	51.2933	79 	13 	8.3391 
184	185   	698.266    	142360     	1.46171	8535.23    	50.7633	75 	3  	10.0144
185	131   	1.39102e+10	4.17305e+12	1.46171	2.40529e+11	51.1933	79 	6  	8.40769
186	160   	98.1296    	5094.88    	1.39   	497.533    	51.2533	77 	5  	9.3973 
187	166   	2.0317e+06 	6.09474e+08	1.39   	3.51293e+07	51.26  	82 	6  	8.93378
188	163   	858.925    	175434     	1.39   	10398.2    	51.3333	80 	6  	9.4394 
189	173   	419.765    	56669.8    	1.39   	4053.83    	50.9567	101	1  	11.1625
190	185   	131008     	3.81676e+07	1.39   	2.20049e+06	51.31  	100	1  	11.1475
191	155   	1.39102e+10	4.17305e+12	1.39   	2.40529e+11	51.7   	78 	3  	8.97014
192	171   	741.006    	67632.6    	1.39   	5402.71    	51.4433	95 	1  	12.1095
193	169   	4138.82    	794038     	1.39   	48974.8    	53.1833	97 	1  	10.7187
194	165   	2.99699e+10	4.81791e+12	1.39   	3.66775e+11	53.7933	83 	3  	10.7417
195	155   	9.79613e+09	2.93884e+12	1.39   	1.69391e+11	54.2967	84 	7  	10.1958
196	160   	168.58     	28502      	1.39   	1694.48    	55.63  	82 	5  	10.0373
197	173   	578.984    	144673     	1.39   	8344.06    	57.19  	97 	4  	10.6508
198	179   	95.5323    	6209.31    	1.39   	469.957    	56.8167	97 	1  	12.2965
199	165   	1.71279e+10	4.777e+12  	1.39   	2.76057e+11	56.69  	101	5  	11.9209
200	186   	252.502    	41513.2    	1.39   	2496.7     	56.9167	94 	1  	12.8337
--------------------------------------------------------------------------------

Best individual:
Required sequence: 1, 3, 7, 13, 31, 37, 43, 67, 73, 79, 127, 151, 163
Actual sequence:   0, 4, 9, 15, 31, 36, 43, 67, 83, 94, 479, 144, 168


Best algorithm: sub(mul(n, n), protected_divide(protected_divide(sin(sin(add(sin(add(add(neg(n), sin(1)), add(n, cos(sub(sub(mul(n, sin(sin(n))), cos(mul(-1, n))), sin(add(n, cos(sub(sub(-1, sin(n)), n))))))))), n))), cos(n)), add(add(neg(n), neg(-1)), add(n, cos(sub(sub(mul(n, n), sin(n)), n))))))

Failed!