   	      	                    fitness                    	              size             
   	      	-----------------------------------------------	-------------------------------
gen	nevals	avg    	max        	min      	std    	avg    	max	min	std    
0  	300   	10541.5	3.04275e+06	16.375   	175381 	3.77   	7  	2  	1.66045
1  	185   	154.067	404.104    	10.125   	84.719 	3.71   	9  	1  	1.67309
2  	157   	122.567	2785.38    	1.625    	202.223	4.00333	12 	1  	1.79536
3  	182   	88.5765	1752.88    	1.625    	158.446	4.16   	12 	1  	1.66765
4  	162   	48.4615	1752.88    	1.625    	136.014	4.28333	11 	1  	1.71553
5  	173   	34.2582	2192.88    	1.625    	139.32 	5.04   	11 	1  	1.90396
6  	160   	21.0237	676.375    	1.625    	55.2977	5.72667	13 	1  	1.77725
7  	159   	206.784	57598.9    	1.625    	3319.19	5.94   	13 	1  	1.77475
8  	179   	21.205 	819.125    	1.625    	66.1334	6.13333	14 	1  	1.71917
9  	159   	23.0782	861.875    	1.625    	88.5088	6.63   	15 	1  	1.65522
10 	162   	103.973	26506.8    	1.625    	1527.37	6.97   	17 	1  	1.81359
11 	158   	19.4125	1012.12    	1.625    	81.4281	7.03333	14 	2  	1.52934
12 	171   	36.299 	5014.62    	1.6105   	296.827	7.05   	12 	1  	1.45402
13 	180   	25.3314	1423.12    	1.6105   	91.1379	7.09   	13 	1  	1.68777
14 	172   	26.7252	1821.12    	1.42183  	111.953	7.11333	13 	1  	1.71867
15 	164   	20.0691	861.875    	1.42183  	61.5598	7.15   	16 	1  	1.71683
16 	170   	28.3619	1171.88    	1.42183  	85.1956	7.38333	16 	1  	1.86272
17 	143   	12.3962	127.375    	1.42183  	18.7854	7.39667	16 	5  	1.77181
18 	178   	16.8403	819.125    	1.2628   	54.0171	7.35   	16 	1  	1.81865
19 	168   	26.7131	1363.88    	1.2628   	103.545	7.48333	19 	1  	2.16404
20 	145   	16.3506	569.125    	1.2628   	44.5266	7.43333	16 	1  	1.73941
21 	156   	22.9226	1423.12    	1.2628   	97.4769	7.43333	15 	1  	1.76792
22 	154   	28.8683	1936.36    	1.2628   	140.934	7.42667	16 	2  	1.87384
23 	173   	19.5592	223.625    	1.2628   	35.4301	7.54   	15 	1  	1.90133
24 	156   	15.6997	819.125    	1.2628   	52.0434	7.80333	16 	1  	1.99114
25 	144   	15.5542	229.695    	1.2628   	34.0914	8.22667	16 	1  	2.30115
26 	184   	15.3073	393.164    	1.2628   	32.9126	8.97333	22 	3  	2.71526
27 	151   	12.0958	335.256    	1.2628   	29.2837	9.59   	17 	1  	2.57201
28 	177   	31.5736	5014.62    	0.958902 	289.832	10.0233	20 	1  	2.88492
29 	173   	13.3994	312.265    	0.872712 	32.8672	10.5667	25 	1  	3.15999
30 	170   	10.7668	218.689    	0.670715 	25.5372	10.8467	25 	1  	3.18169
31 	184   	20.1548	1752.88    	0.670715 	103.917	11.06  	25 	2  	3.66466
32 	178   	22.0194	436.875    	0.670715 	50.1444	11.7633	30 	1  	4.73997
33 	155   	11.2497	539.963    	0.715722 	37.7019	13.1567	32 	1  	5.59096
34 	152   	10.0736	268.495    	0.488926 	29.0149	15.5767	37 	2  	6.30694
35 	155   	10.1989	868.944    	0.488926 	53.7568	18.5767	47 	5  	7.1085 
36 	168   	20.2411	1133.1     	0.488926 	107.146	20.75  	54 	2  	7.40726
37 	163   	11.9993	833.681    	0.4726   	54.1956	21.44  	46 	1  	8.13509
38 	153   	15.7031	1038.35    	0.349742 	91.9652	22.6133	46 	2  	7.82542
39 	156   	8.01352	825.273    	0.349742 	50.6969	23.6267	51 	5  	8.37779
40 	135   	8.50756	496.045    	0.349742 	35.2885	23.7733	52 	1  	8.70452
41 	165   	7.47888	197.375    	0.262509 	22.5651	25.2367	62 	5  	9.50302
42 	142   	4.80496	108.625    	0.262509 	13.5557	26.7533	53 	1  	8.57161
43 	172   	14.1541	1107.9     	0.262509 	83.5529	28.2167	61 	5  	9.71647
44 	160   	5.90625	216.758    	0.23405  	20.0265	30.5   	69 	3  	9.17369
45 	167   	8.62757	790.186    	0.156423 	51.9051	31.4633	62 	4  	9.16562
46 	159   	9.05584	817.266    	0.156423 	51.8034	32.05  	67 	5  	8.64374
47 	172   	5.92026	173.125    	0.156423 	15.6539	32.36  	63 	1  	10.6262
48 	167   	6.61226	203.059    	0.156423 	21.8956	33.6567	72 	1  	11.3454
49 	161   	8.56682	770.27     	0.156423 	49.4862	35.23  	71 	1  	11.171 
50 	186   	8.17584	264.995    	0.156423 	26.8019	37.71  	94 	1  	13.5228
51 	167   	9.95847	1061.37    	0.156423 	71.8307	41.61  	73 	6  	14.3484
52 	164   	4.36874	231.432    	0.133367 	17.3264	45.21  	78 	1  	15.405 
53 	156   	6.41022	254.935    	0.133367 	29.6358	49.4067	117	1  	17.1789
54 	170   	7.47519	851.604    	0.133367 	52.2509	52.6967	102	5  	15.9824
55 	161   	2.90225	100.045    	0.129775 	11.2816	56.04  	115	5  	13.845 
56 	136   	1.43151	117.875    	0.109443 	8.09253	58.6067	117	7  	10.9407
57 	162   	2.84123	109.95     	0.080204 	12.6126	58.0733	104	7  	11.7519
58 	153   	3.2471 	232.521    	0.080204 	17.1356	58.3633	104	7  	10.4727
59 	192   	6.51469	392.86     	0.080204 	33.9175	56.18  	100	5  	14.4785
60 	167   	5.37735	809.297    	0.080204 	48.7874	56.9533	116	3  	12.6287
61 	180   	3.00768	430.692    	0.080204 	25.3899	56.57  	103	7  	10.9321
62 	168   	3.72469	223.625    	0.080204 	19.0587	53.29  	74 	3  	13.3264
63 	161   	3.4584 	121.813    	0.0774926	14.3173	53.1033	101	5  	13.1136
64 	157   	3.48702	230.351    	0.0774926	21.6906	54.6633	101	5  	13.2656
65 	148   	2.94048	107.897    	0.0774926	12.454 	55.33  	92 	9  	13.133 
66 	162   	5.19307	251.875    	0.0774926	23.829 	57.4633	99 	6  	13.3729
67 	144   	4.19782	262.762    	0.0774926	23.2545	60.3   	96 	5  	12.2086
68 	161   	3.31571	117.875    	0.0774926	14.7479	59.8167	98 	5  	12.7341
69 	150   	1.92404	117.875    	0.0657762	8.9386 	60.99  	87 	5  	11.8778
70 	172   	2.22047	101.883    	0.0540766	10.7669	60.44  	105	5  	13.1575
71 	152   	5.6623 	409.026    	0.0540766	38.181 	60.9033	87 	1  	10.8745
72 	168   	2.0609 	128.594    	0.0540766	12.4795	60.4767	99 	8  	10.794 
73 	161   	2.19359	102.675    	0.0540766	10.6396	59.5533	94 	5  	12.3256
74 	166   	4.03696	201.74     	0.0540766	20.847 	60.66  	104	3  	10.8479
75 	180   	3.52171	197.375    	0.0540766	17.9634	59.0067	98 	4  	12.4528
76 	164   	2.32178	252.135    	0.0540766	16.3644	59.16  	100	5  	11.5957
77 	162   	2.31143	107.897    	0.0540766	12.2086	59.06  	101	5  	11.984 
78 	174   	2.65298	197.375    	0.0540766	14.2796	57.1233	103	3  	14.5284
79 	162   	8.87509	1120.06    	0.0540766	68.5889	56.8867	97 	2  	14.7605
80 	148   	2.37266	124.788    	0.0540766	9.84839	58.7167	100	9  	11.0077
81 	164   	4.10542	233.22     	0.0540766	20.8887	57.5367	102	3  	13.4636
82 	149   	5.4235 	819.125    	0.0540766	49.4133	59.1833	103	12 	11.5601
83 	176   	6.23427	407.022    	0.0540766	34.2402	58.0967	103	5  	12.0339
84 	155   	3.57689	252.135    	0.0540766	19.6055	57.8033	101	1  	12.4109
85 	153   	3.35395	197.375    	0.0540766	17.9442	58.1533	90 	1  	11.5408
86 	153   	1.63931	37.5207    	0.0540766	6.07122	58.9567	117	5  	11.7105
87 	193   	2.74222	118.02     	0.0540766	12.1284	58.3967	100	5  	12.0714
88 	170   	3.89412	252.135    	0.0540766	22.6418	58.2367	99 	5  	12.2238
89 	152   	2.24436	117.875    	0.0540766	11.1072	58.2733	102	1  	11.9152
90 	151   	4.32458	278.34     	0.0540766	21.1164	59.0067	101	5  	11.2514
91 	163   	2.22209	105.714    	0.0540766	12.0327	58.4833	113	5  	12.5622
92 	163   	4.42133	407.022    	0.0540766	28.9148	58.46  	113	4  	13.8112
93 	150   	2.95481	230.409    	0.0540766	19.0714	58.1167	98 	3  	12.4313
94 	163   	2.11   	114.69     	0.0540766	11.0215	57.6833	104	5  	13.9309
95 	181   	5.11564	410.627    	0.0540766	30.0427	59.1867	101	5  	12.2911
96 	164   	4.46501	818.967    	0.0540766	47.8915	58.1533	94 	6  	10.831 
97 	162   	3.64679	407.022    	0.0540766	26.2684	58.9933	102	5  	11.0562
98 	184   	1.58485	99.1431    	0.0540766	7.61417	57.8633	92 	5  	11.9029
99 	174   	1.8866 	124.788    	0.0540766	11.4801	58.4467	92 	5  	10.6946
100	159   	1.81063	117.875    	0.0540766	9.66126	58.95  	93 	5  	10.0327
101	159   	2.48741	231.546    	0.0540766	14.5159	59.4967	100	12 	10.507 
102	184   	11.4735	1189.8     	0.0540766	97.2499	58.55  	116	5  	12.2213
103	148   	5.25849	278.34     	0.0540766	27.7452	59.45  	96 	3  	10.4394
104	166   	7.61084	1033.98    	0.0540766	63.2259	57.9133	102	1  	12.1479
105	172   	4.48353	251.875    	0.0540766	26.114 	58.3333	100	3  	12.1165
106	156   	5.4333 	399.712    	0.0540766	33.8399	58.6667	104	5  	11.3218
107	161   	2.64934	364.375    	0.0540766	22.1455	58.56  	97 	2  	11.9435
108	190   	3.86349	278.34     	0.0540766	20.906 	58.54  	96 	7  	11.7534
109	171   	8.2415 	1120.06    	0.0540766	69.8022	58.91  	102	5  	11.3132
110	174   	4.8208 	394.875    	0.0540766	29.7474	58.56  	93 	1  	11.8087
111	160   	4.89815	233.22     	0.0540766	24.3457	58.4533	97 	1  	13.4886
112	174   	3.06999	410.627    	0.0540766	25.3316	59.4467	97 	7  	11.1065
113	150   	2.31682	115.215    	0.0540766	11.7986	59.1467	90 	3  	11.1752
114	163   	6.11965	802.01     	0.0540766	47.9183	57.64  	102	1  	13.9379
115	162   	2.53716	231.546    	0.0540766	15.8746	59.1633	99 	7  	11.3218
116	172   	4.65743	278.34     	0.0540766	22.0544	58.5933	97 	1  	12.8722
117	177   	3.47904	252.135    	0.0540766	21.2771	58.64  	96 	5  	12.5543
118	170   	1.76814	33.6388    	0.0540766	5.91383	58.5267	106	5  	12.6041
119	159   	2.94992	319.184    	0.0540766	21.0696	59.6767	98 	6  	10.6733
120	163   	2.55335	107.897    	0.0540766	10.828 	58.85  	106	6  	11.8435
121	156   	4.99263	807.693    	0.053945 	48.9935	59.3667	94 	3  	11.2041
122	168   	3.28501	124.816    	0.053945 	14.4408	59.1967	105	5  	12.1693
123	160   	2.71506	233.22     	0.053945 	16.5574	58.9167	90 	5  	11.3026
124	163   	3.26348	203.453    	0.053945 	18.2216	59.1133	97 	1  	12.276 
125	155   	2.86807	117.875    	0.053945 	13.2978	59.1233	101	5  	12.1579
126	168   	2.53653	124.788    	0.053945 	11.4477	59.6133	96 	13 	10.6181
127	154   	5.95525	569.125    	0.053945 	38.679 	58.19  	117	1  	13.9413
128	174   	1.97148	117.875    	0.053945 	10.7841	59.1233	91 	5  	11.5837
129	144   	2.32351	197.375    	0.053945 	14.8036	59.9333	99 	3  	11.1003
130	168   	3.84326	233.549    	0.053945 	20.8958	59.2033	117	5  	13.1452
131	160   	4.106  	252.248    	0.053945 	20.6096	59.0033	116	5  	11.9059
132	156   	2.97081	229.609    	0.053945 	17.2025	58.2833	101	6  	12.8105
133	176   	2.65251	258.244    	0.053945 	16.821 	59.3567	100	7  	9.7168 
134	171   	3.44777	255.316    	0.053945 	18.7746	58.6667	101	4  	12.2445
135	164   	4.4343 	230.409    	0.053945 	21.746 	57.9533	117	3  	14.8859
136	151   	3.16374	251.875    	0.053945 	18.8847	58.47  	101	5  	12.4221
137	149   	4.33809	251.875    	0.053945 	22.8905	59.6367	104	5  	11.5238
138	179   	3.25765	192.824    	0.053945 	16.3842	59.1833	101	2  	11.6523
139	166   	6.47267	821.221    	0.053945 	49.7505	58.9367	117	7  	13.0189
140	165   	4.56924	407.022    	0.053945 	31.2882	59.08  	94 	1  	12.8245
141	167   	3.4119 	236.141    	0.053945 	18.4939	58.6333	91 	5  	11.8496
142	148   	2.70524	252.248    	0.053945 	17.063 	59.3133	90 	5  	10.4343
143	180   	4.29206	410.85     	0.053945 	27.3362	58.5167	122	1  	13.319 
144	176   	2.4957 	173.125    	0.053945 	14.7315	59.96  	93 	1  	9.38536
145	171   	1.87328	105.861    	0.053945 	9.56989	59.0733	94 	5  	9.98539
146	170   	4.02151	252.248    	0.053945 	19.4481	58.3867	123	5  	13.0078
147	179   	4.2813 	231.763    	0.053945 	21.6975	59.0967	117	5  	13.3965
148	180   	2.77567	229.609    	0.053945 	17.3377	59.1633	103	7  	11.7784
149	142   	5.6659 	819.125    	0.053945 	49.2551	59.11  	94 	4  	11.6059
150	190   	1.5031 	38.2745    	0.053945 	5.61237	57.6767	117	5  	14.8505
151	190   	4.36911	410.496    	0.053945 	28.7107	58.06  	90 	5  	12.2271
152	161   	2.44754	364.375    	0.053945 	21.8804	58.72  	96 	2  	11.2197
153	155   	2.78596	173.125    	0.053945 	14.0812	59.0233	89 	3  	10.9652
154	151   	3.56407	223.625    	0.053945 	18.2724	58.72  	89 	6  	13.0272
155	157   	3.36828	117.875    	0.053945 	13.8669	58.9667	115	5  	15.0621
156	161   	5.02704	444.822    	0.053945 	33.1502	60.0367	106	1  	12.4398
157	159   	2.53694	115.322    	0.053945 	12.4981	60.08  	117	1  	11.0872
158	144   	3.77077	197.375    	0.053945 	18.9351	60     	117	2  	11.0481
159	161   	11.4667	2192.88    	0.053945 	128.824	58.9467	100	4  	12.922 
160	163   	4.28466	197.375    	0.053945 	18.8728	59.61  	75 	7  	11.3189
161	166   	8.36258	1108.94    	0.053945 	79.4316	59.6133	103	1  	12.8139
162	164   	4.30568	233.307    	0.053945 	22.2202	59.9   	103	5  	11.6974
163	155   	5.35146	1120.45    	0.053945 	64.9259	60.4433	107	6  	11.562 
164	167   	5.18765	569.125    	0.053945 	35.6376	59.6433	99 	5  	11.4322
165	158   	8.14911	819.311    	0.053945 	66.3248	59.2   	110	7  	12.6473
166	159   	4.33345	399.625    	0.053945 	26.9193	58.12  	128	3  	15.6665
167	170   	2.46118	223.625    	0.053945 	14.9649	59.1   	104	1  	12.2634
168	173   	3.2436 	407.022    	0.053945 	27.5626	60.2767	100	10 	10.3125
169	170   	4.45832	364.375    	0.053945 	27.6067	59.3033	101	7  	12.6411
170	151   	2.54944	107.658    	0.053945 	11.5802	58.6267	86 	5  	12.7405
171	153   	3.13788	127.576    	0.053945 	13.3298	60.2733	98 	5  	10.9135
172	144   	3.62905	194.002    	0.053945 	17.9318	59.9367	75 	4  	9.52222
173	144   	4.26883	430.196    	0.053945 	29.942 	59.5167	101	5  	11.415 
174	163   	2.60363	121.63     	0.053945 	12.4839	60.4667	109	5  	10.493 
175	167   	2.88403	117.875    	0.053945 	13.1628	59.1667	101	5  	12.6206
176	162   	2.35385	107.952    	0.053945 	12.2123	60.1133	91 	5  	11.0532
177	176   	2.31507	197.375    	0.053945 	13.3519	59.8067	103	1  	11.8055
178	173   	4.10502	569.125    	0.053945 	34.5813	60.1467	107	5  	11.4612
179	162   	1.80571	107.581    	0.053945 	8.24425	59.8533	102	8  	10.6448
180	169   	4.38899	252.248    	0.053945 	23.7134	59.3433	118	5  	13.6511
181	179   	2.94043	130.8      	0.053945 	13.5539	59.4667	101	5  	12.598 
182	152   	1.58757	135.566    	0.053945 	8.98402	59.46  	103	7  	11.5929
183	151   	4.59654	331.125    	0.053945 	25.4374	60.0967	106	3  	11.4793
184	166   	2.39372	117.875    	0.053945 	13.0054	60.0967	99 	5  	11.7371
185	155   	2.54324	117.875    	0.053945 	13.3355	60.1067	107	5  	10.6868
186	146   	4.46951	806.935    	0.053945 	47.1558	60.3433	103	5  	11.9155
187	169   	1.54558	117.481    	0.0530622	8.36802	60.1567	124	5  	11.6536
188	158   	3.18267	119.294    	0.0530622	13.9448	60.1533	94 	5  	10.9275
189	168   	3.00802	173.125    	0.0530622	13.2934	60.2233	99 	2  	11.3572
190	157   	5.83   	1152.45    	0.0530622	67.4835	60.2467	92 	6  	9.97559
191	187   	3.83867	105.714    	0.0530622	15.6625	58.9   	101	6  	13.0495
192	157   	1.98582	103.676    	0.0530622	9.33608	59.0867	94 	5  	12.2684
193	187   	5.46535	278.435    	0.0530622	29.4519	59.7233	129	5  	11.296 
194	179   	4.3455 	233.307    	0.0530622	23.5242	59.2467	108	5  	12.0692
195	149   	3.92161	265.409    	0.0530622	24.1652	58.39  	108	2  	13.1265
196	158   	3.02327	112.789    	0.0530622	12.3007	59.12  	103	5  	12.2035
197	174   	3.68932	229.499    	0.0530622	17.9992	59.3633	103	5  	12.0725
198	161   	3.58372	444.669    	0.0530622	27.4368	57.9633	98 	5  	12.8209
199	153   	4.00135	223.625    	0.0530622	20.012 	58.09  	92 	1  	12.4668
200	169   	2.15201	100.873    	0.0530622	10.9503	59.7667	88 	12 	8.43162
--------------------------------------------------------------------------------

Best individual:
Required sequence: 4, 6, 9, 10, 14, 15, 21, 22, 25, 26, 33, 34
Actual sequence:   3.768436404156432, 5.938926549542963, 9.099885322768891, 10.149235279480225, 13.96041786672622, 15.15338313579406, 21.339627371743454, 22.440973675643136, 27.801679575788707, 28.55361305830511, 32.44858306446726, 33.5037324156888


Best algorithm: add(add(-1, n), add(add(sin(add(sin(add(add(sin(sin(-1)), add(-1, n)), n)), n)), add(sin(add(add(sin(add(add(n, n), add(add(sin(add(add(n, n), add(sin(sin(cos(-1))), n))), n), add(sin(add(sin(add(add(-1, n), n)), add(sin(n), n))), n)))), add(n, n)), n)), n)), n))

Failed!