   	      	                      fitness                      	              size             
   	      	---------------------------------------------------	-------------------------------
gen	nevals	avg    	max        	min      	std        	avg    	max	min	std    
0  	300   	222.019	1396.5     	103.75   	85.7823    	3.61   	7  	2  	1.48926
1  	174   	192.316	1085.88    	103.75   	66.1025    	3.7    	11 	1  	1.63197
2  	161   	173.722	1373.26    	100.5    	83.5238    	4.01333	11 	1  	1.73584
3  	164   	241.185	27308.5    	100.5    	1567.58    	4.03333	10 	1  	1.62652
4  	166   	132.357	1396.5     	100.5    	98.7798    	4.03   	12 	1  	1.67405
5  	177   	123.582	1127.25    	100.5    	72.0614    	3.77667	9  	1  	1.31661
6  	150   	112.663	483.5      	100.5    	39.6482    	3.82   	11 	1  	1.37632
7  	146   	198.325	24859      	98.3289  	1428.08    	4.31333	12 	1  	1.60473
8  	153   	109.326	483.5      	98.3289  	31.5507    	4.82667	11 	1  	1.50442
9  	164   	106.213	333.21     	87.8683  	19.1256    	5.29   	12 	1  	1.56819
10 	159   	112.239	1402.5     	87.8683  	78.0023    	5.54667	13 	1  	1.81324
11 	172   	106.455	483.5      	46.7972  	30.0522    	6.00667	14 	1  	2.08326
12 	168   	123.255	4819.83    	46.7972  	273.999    	6.91   	18 	3  	2.69355
13 	171   	110.386	966.265    	46.7972  	69.9521    	7.75333	18 	1  	2.80223
14 	166   	103.44 	476.221    	46.7972  	34.2137    	8.61667	20 	1  	3.29389
15 	172   	104.588	501.727    	35.8117  	47.6023    	9.87667	24 	1  	3.69524
16 	179   	97.6103	1625.79    	35.0085  	91.4783    	11.54  	24 	2  	4.37513
17 	169   	229.522	37496.7    	35.0085  	2159.65    	13.8867	38 	1  	5.44063
18 	184   	1115.46	221301     	35.0085  	13174.4    	16.22  	38 	2  	5.25721
19 	175   	501.988	116682     	31.2831  	6722.88    	17.4933	42 	5  	6.01193
20 	161   	207.978	30281.8    	17.9672  	1783.94    	18.5933	39 	3  	6.24563
21 	171   	174.101	25673.3    	17.9672  	1481.93    	19.1933	54 	2  	6.22543
22 	177   	123.181	3594.75    	17.6235  	315.358    	20.0133	54 	3  	6.88863
23 	168   	117.155	3008.2     	10.6446  	268.982    	20.2933	57 	5  	6.61871
24 	148   	137.456	14571.2    	10.6446  	861.486    	20.4033	61 	1  	6.38389
25 	149   	8739.4 	2.58083e+06	10.6446  	148749     	20.95  	60 	3  	6.1178 
26 	161   	574.143	128179     	7.52721  	7391.11    	20.8333	46 	3  	7.02037
27 	164   	170.453	13211.4    	6.78906  	844.034    	21.1333	42 	1  	6.91729
28 	164   	611.054	126491     	7.30677  	7311.53    	22.0633	50 	1  	7.53786
29 	175   	100.458	3232.3     	7.52721  	230.106    	22.9   	50 	3  	7.24822
30 	164   	131.823	4557.31    	6.29851  	404.133    	24.1967	51 	1  	8.01652
31 	155   	462.504	44283.4    	5.31016  	3238.11    	25.4167	57 	3  	7.36816
32 	152   	211.234	14847.3    	4.76398  	1121.59    	27.0633	57 	5  	7.31888
33 	164   	552.725	96235      	4.76398  	5758.8     	28.3867	52 	3  	6.77179
34 	162   	1027.35	234290     	5.31016  	13569.6    	29.0333	53 	1  	6.83951
35 	176   	4619.58	1.28851e+06	5.23548  	74266.9    	29.96  	59 	1  	7.25523
36 	164   	177.998	4845.62    	5.23548  	686.893    	30.68  	58 	5  	6.12462
37 	192   	520.878	26498.3    	5.23548  	2823.25    	31.33  	58 	5  	7.26139
38 	166   	1352.76	245396     	5.23548  	14430.9    	31.9067	57 	5  	7.01793
39 	154   	292.332	24520      	5.23548  	1663.65    	32.1167	63 	1  	7.5593 
40 	158   	129.886	8530.2     	5.23548  	652.537    	32.6833	73 	3  	8.72141
41 	170   	255.981	34061.1    	4.34426  	2096.56    	33.12  	67 	5  	6.63719
42 	171   	229.597	20956.2    	4.34426  	1508.43    	32.9033	64 	5  	6.18336
43 	185   	3472.19	899380     	4.63172  	51889.1    	33.1033	66 	1  	8.62705
44 	176   	485.672	27709.5    	4.01826  	2812.37    	32.7467	67 	5  	8.51249
45 	178   	206.769	14939.7    	4.34426  	1273.38    	33.0433	65 	2  	7.58297
46 	169   	196.624	14939.7    	3.90775  	1134.68    	33.5133	69 	2  	9.31575
47 	158   	312.411	44716.6    	3.11179  	2751.08    	33.9433	84 	5  	8.04902
48 	167   	267.318	25794.5    	2.85144  	1732.87    	34.0067	64 	10 	7.05077
49 	166   	320.21 	30647.3    	2.85144  	2164.55    	34.3067	64 	3  	8.61351
50 	168   	247.619	25012.4    	2.85144  	1626.61    	35.13  	64 	1  	8.71396
51 	187   	431.018	35648.6    	2.85144  	2951.31    	37.43  	75 	5  	8.54703
52 	164   	1039.2 	196699     	0.984762 	11531.3    	39.51  	83 	5  	10.7575
53 	153   	141.495	22170.6    	0.984762 	1330.33    	40.9533	79 	4  	11.0435
54 	177   	62.8046	2907.87    	2.83917  	245.33     	43.22  	82 	3  	13.3218
55 	170   	1189   	325423     	2.46882  	18759.3    	46.74  	94 	1  	13.8835
56 	160   	402.086	50657.9    	2.03836  	3369.68    	49.7033	90 	5  	14.3272
57 	188   	454.536	50560.3    	2.03836  	3730.25    	51.59  	111	3  	16.4573
58 	169   	1230.21	289117     	2.03836  	16802.3    	52.6867	118	1  	17.1851
59 	174   	2806.82	440936     	2.03836  	32128.5    	50.8533	103	5  	16.1013
60 	153   	4596.36	1.24563e+06	2.03836  	71822.4    	50.6067	109	5  	17.8187
61 	147   	123.481	5577.32    	1.88022  	609.476    	47.4733	102	1  	17.393 
62 	177   	332.809	22932.6    	1.88022  	1966.83    	45.56  	98 	5  	16.6737
63 	164   	1482.59	413317     	1.52831  	23821.7    	45.78  	101	5  	18.7472
64 	166   	3561.34	1.0248e+06 	1.38254  	59075.5    	47.7733	101	5  	19.1223
65 	158   	218.223	22884.6    	1.88022  	1566.72    	49.5333	100	5  	18.8206
66 	161   	363.964	25269.9    	1.88022  	2255.28    	53.5433	92 	7  	19.5573
67 	154   	88.9689	4858.18    	1.88022  	473.918    	56.9767	118	1  	21.2884
68 	172   	154.053	24235.4    	1.44205  	1464.27    	62.2733	116	6  	19.1069
69 	158   	3577.53	1.02578e+06	1.38254  	59136.1    	65.6567	123	5  	19.0482
70 	161   	84.5006	12765.3    	0.827192 	760.495    	67.37  	127	5  	18.3278
71 	187   	128.236	24526.6    	0.827192 	1421.71    	69.67  	114	18 	16.6554
72 	170   	56.0584	4825.13    	0.827192 	300.668    	71.2667	120	3  	16.8551
73 	163   	236.7  	25269.9    	0.827192 	1942.57    	74.71  	114	5  	13.6657
74 	168   	116.85 	5888.15    	0.827192 	632.132    	76.64  	158	5  	14.1809
75 	148   	35.489 	5584.32    	0.827192 	323.985    	77.5067	126	5  	14.5532
76 	146   	110.154	24572      	0.686505 	1419.49    	77.0433	132	5  	14.8964
77 	154   	41.4438	3162.52    	0.629535 	220.066    	76.6967	118	5  	12.8897
78 	176   	89.2132	14768.8    	0.629535 	897.928    	76.4967	142	5  	12.5173
79 	171   	174.775	31854.3    	0.640347 	1904.46    	76.4167	106	19 	11.3858
80 	173   	210.453	25012.4    	0.640347 	1981.02    	78.1067	130	31 	12.3376
81 	163   	77.6482	4871.33    	0.640347 	441.071    	76.71  	123	10 	15.2672
82 	166   	126.414	16209      	0.629535 	1059.91    	77.7367	132	1  	11.8034
83 	168   	106.6  	6701.66    	0.629535 	628.443    	76.37  	131	7  	15.9068
84 	183   	119.053	20779.2    	0.618952 	1254.04    	76.97  	132	21 	13.422 
85 	163   	149.217	14734      	0.456203 	1089.46    	75.0667	135	10 	14.3267
86 	165   	332.639	51758.5    	0.456203 	3339.48    	74.9067	130	10 	12.1558
87 	159   	33.9358	1374.98    	0.456203 	135.588    	74.31  	128	3  	13.6394
88 	200   	311.778	51824.9    	0.456203 	3165.4     	73.9667	135	1  	14.2905
89 	161   	67.5671	4871.33    	0.456203 	426.361    	75.45  	120	32 	10.3047
90 	165   	113082 	3.38747e+07	0.456203 	1.95249e+06	74.92  	122	10 	13.9972
91 	152   	1080.78	292580     	0.456203 	16903.6    	76.38  	124	16 	10.8843
92 	151   	340.875	57766.1    	0.321802 	3487.85    	77.6933	142	3  	13.2406
93 	163   	173.925	22848.6    	0.456203 	1423.22    	77.8333	136	9  	15.3733
94 	164   	254.255	36407.8    	0.456203 	2558.43    	77.3533	156	10 	14.2589
95 	152   	56.8105	7163.92    	0.456203 	497.667    	77.51  	109	10 	11.1763
96 	166   	38.8059	2269.72    	0.387635 	178.761    	76.5767	133	10 	12.878 
97 	160   	23.8379	607.94     	0.456203 	64.9073    	75.9833	141	6  	12.7183
98 	161   	95.761 	14786.4    	0.456203 	915.53     	75.6567	128	11 	11.4172
99 	166   	128.762	24826.7    	0.456203 	1462.88    	74.8033	130	10 	11.5582
100	161   	535.26 	98650.5    	0.456203 	6318.49    	74.5133	141	1  	13.1723
101	170   	16976.3	5.03558e+06	0.456203 	290239     	74.3667	125	7  	11.0009
102	170   	912.451	245617     	0.456203 	14164.1    	74.1767	110	10 	9.99094
103	142   	98.6331	22891.2    	0.456203 	1321.26    	74.1733	120	10 	10.9543
104	148   	376.905	75839.2    	0.456203 	4542.73    	74.2733	129	10 	11.5902
105	164   	163.957	22891.2    	0.456203 	1582.77    	74.61  	127	12 	10.0736
106	143   	53.1141	4853.94    	0.353211 	354.155    	74.3933	127	1  	13.1635
107	179   	125.789	14786.4    	0.353211 	1011.27    	73.63  	136	1  	14.1589
108	172   	31.9625	2706.46    	0.353211 	164.693    	74.0667	127	2  	13.2515
109	169   	194.33 	24623.5    	0.353211 	1868.28    	74.3833	135	2  	13.5017
110	183   	154.163	16179.2    	0.353211 	1318.14    	74.1833	116	1  	12.4055
111	155   	39.5441	4763       	0.381511 	287.97     	74.3467	111	1  	11.6034
112	155   	115.732	4853.94    	0.381511 	598.672    	74.1767	136	11 	12.3663
113	166   	52.4127	3757.24    	0.381511 	271.106    	75.1   	111	29 	8.62342
114	160   	147.09 	10923.9    	0.335401 	937.874    	75.1833	128	12 	10.0125
115	170   	58.5763	4853.94    	0.335401 	331.532    	75.5333	129	8  	11.2568
116	157   	60.7307	4853.94    	0.335401 	334.657    	74.9067	145	10 	14.2311
117	175   	284.391	53904.3    	0.335401 	3371.03    	76.1267	122	12 	11.9081
118	148   	144.397	20991.3    	0.335401 	1382.53    	75.7167	119	12 	10.412 
119	182   	48.3524	4859.95    	0.335401 	297.601    	76.1567	116	10 	10.4361
120	171   	3565.61	1.02357e+06	0.335401 	59007.4    	75.5933	141	12 	13.5283
121	159   	341.853	34548.3    	0.331994 	2863.22    	74.6233	138	10 	14.4804
122	184   	72.5187	10674.9    	0.331994 	632.203    	76.3133	119	12 	10.8398
123	160   	204.511	30486.8    	0.331994 	1967.53    	75.4467	143	10 	13.6902
124	181   	72.8464	4859.95    	0.297895 	480.904    	77.85  	141	23 	11.8437
125	167   	39.9221	2029.02    	0.331994 	198.07     	76.5633	141	10 	14.9546
126	188   	216.917	20437      	0.331994 	1512.33    	76.58  	139	21 	14.3159
127	164   	286.112	24695      	0.331994 	2187.23    	75.7133	125	12 	13.2249
128	180   	36.5885	4853.45    	0.331994 	286.929    	75.95  	145	10 	13.1722
129	180   	78.95  	5844.9     	0.331994 	454.238    	76.1333	145	10 	13.4678
130	153   	106.312	6884.17    	0.331994 	638.136    	75.41  	116	13 	11.5107
131	134   	150.371	20979.1    	0.331994 	1500.69    	75.6533	133	11 	11.8799
132	156   	90.7673	14783.3    	0.331994 	908.656    	75.9633	124	23 	11.2375
133	185   	133.576	20950.5    	0.329475 	1256.47    	75.2933	122	11 	12.9571
134	172   	220.057	23043.7    	0.327294 	1849.22    	75.7167	141	3  	13.8279
135	164   	267.992	25286.9    	0.306093 	2328.26    	75.2633	124	10 	14.6774
136	149   	49.7554	4907.49    	0.327294 	336.633    	76.3667	113	1  	11.9026
137	172   	7389.15	2.20467e+06	0.303435 	127072     	77.0633	122	11 	10.0106
138	172   	52.0383	3734.62    	0.327294 	290.773    	76.9033	135	3  	13.3467
139	156   	165.355	25030.5    	0.327294 	1599.14    	78.09  	145	11 	12.4893
140	180   	106766 	3.16977e+07	0.327294 	1.82702e+06	77.03  	147	10 	14.4149
141	129   	69.7967	4840.83    	0.327294 	452.317    	78.16  	127	1  	11.167 
142	172   	94.2061	10980      	0.271851 	729.971    	78.58  	121	7  	11.6858
143	150   	96.2899	5017.55    	0.271851 	549.842    	79.1733	118	7  	12.222 
144	178   	100.534	14837.8    	0.271851 	915.447    	80.1   	133	13 	13.4411
145	174   	44.8837	4831.5     	0.271851 	296.649    	80.2433	130	10 	11.7628
146	166   	51.0433	4831.5     	0.24091  	315.85     	81.3233	127	5  	14.0608
147	168   	370.869	82697.2    	0.24091  	4850.1     	81.4167	138	15 	15.2913
148	157   	263.331	49742.7    	0.24091  	3201.76    	83.1267	126	17 	12.3878
149	155   	111.669	14944.9    	0.235888 	931.254    	82.59  	162	2  	12.4269
150	177   	61.0407	4848.01    	0.235888 	392.991    	82.9533	141	1  	13.721 
151	149   	773.228	134706     	0.235888 	8292.53    	83.5367	141	3  	13.6361
152	183   	150.553	17334.9    	0.235888 	1224.12    	83.9667	122	43 	8.0564 
153	152   	37.1226	3286.21    	0.221763 	249.882    	82.0433	122	17 	11.9553
154	171   	76.4907	6660.76    	0.224067 	509.367    	83.01  	144	19 	10.419 
155	160   	45.9235	4805.68    	0.203521 	303.638    	82.83  	138	18 	11.8707
156	156   	206.088	53942      	0.203521 	3110.09    	82.4833	121	17 	10.8789
157	139   	37.3985	4812.47    	0.203521 	289.062    	83.0133	138	6  	10.8806
158	156   	1001.52	261002     	0.203521 	15087      	82.68  	140	13 	11.6575
159	159   	110.919	14307.5    	0.157363 	917.34     	82.9033	147	17 	10.4109
160	176   	327.933	34567.1    	0.157363 	2673.96    	82.84  	142	17 	12.8777
161	158   	251.829	53964.7    	0.169841 	3140.91    	83.33  	142	19 	13.0571
162	162   	104.34 	9108.75    	0.203521 	749.049    	83.8767	142	20 	11.7389
163	158   	25.7499	1108.24    	0.179936 	102.712    	83.48  	130	16 	12.9559
164	150   	36.2143	3073.43    	0.13279  	200.742    	84.34  	128	1  	11.5024
165	158   	134.577	20816.3    	0.13279  	1273.16    	86.0833	140	25 	10.2263
166	171   	29.7531	2275.92    	0.13279  	149.46     	85.0067	132	3  	13.0161
167	174   	66.7342	4846.27    	0.13279  	377.81     	85.3767	148	26 	11.8446
168	149   	67.9304	4846.27    	0.13279  	482.383    	86.3167	148	18 	11.4951
169	178   	3550.94	1.02365e+06	0.13279  	59012.6    	87.3533	148	20 	11.4724
170	174   	122.917	25050.3    	0.13279  	1459.8     	86.81  	148	20 	13.0236
171	164   	219.401	44010.3    	0.13279  	2578.87    	87.7033	137	24 	11.9181
172	166   	75.0959	16178.2    	0.132005 	933.283    	87.9267	125	7  	12.2173
173	180   	43.7753	4827.18    	0.1154   	325.209    	87.51  	138	4  	12.363 
174	151   	133.15 	25307.3    	0.1154   	1502.98    	87.0433	139	3  	13.8456
175	159   	124.744	23884.7    	0.1154   	1415.34    	87.9267	130	2  	14.3915
176	177   	25.9212	1106.88    	0.1154   	94.1408    	88.4733	124	7  	12.9291
177	155   	54.02  	6670.74    	0.1154   	410.309    	90.74  	140	3  	11.2933
178	169   	236.766	44109.7    	0.1154   	2788.96    	90.52  	139	30 	12.3449
179	167   	97.6783	20975.5    	0.1154   	1219.69    	91.16  	126	1  	10.2902
180	164   	123.184	6690.83    	0.1154   	786.557    	91.25  	160	23 	13.2449
181	170   	63.5482	8815.43    	0.1154   	524.468    	91.16  	131	24 	12.5698
182	156   	148.797	20940.2    	0.105546 	1333.32    	91.87  	151	15 	12.2164
183	180   	92.4445	8815.43    	0.105546 	655.521    	92.2933	138	26 	12.09  
184	146   	19.8661	2191.63    	0.105546 	133.096    	92.7133	124	33 	8.4078 
185	169   	55.463 	4828.6     	0.105546 	358.903    	92.17  	134	1  	11.0442
186	146   	41.2683	4828.6     	0.105546 	306.251    	92.3533	126	39 	9.50483
187	161   	98.3647	22937.4    	0.105546 	1324.29    	92.6467	126	3  	10.1687
188	161   	22.6528	1092.12    	0.0995625	86.4527    	91.9367	140	7  	13.1537
189	167   	137.339	30523.7    	0.105546 	1765.66    	92.19  	142	39 	11.1185
190	181   	3440.37	1.02382e+06	0.105546 	59010.5    	90.91  	154	26 	12.9366
191	163   	43.0116	4794.95    	0.105546 	341.493    	90.8767	131	27 	11.4015
192	160   	236.657	38648.4    	0.105546 	2432.21    	90.5233	139	1  	12.5848
193	155   	245.154	34704.2    	0.105546 	2422.5     	90.83  	140	25 	13.0246
194	136   	41.1292	3298.24    	0.105546 	273.492    	90.27  	140	25 	12.6969
195	156   	52.3188	4833.58    	0.105546 	397.53     	91.2067	124	2  	10.3059
196	164   	3566.19	1.02382e+06	0.0911973	59037.2    	91.45  	149	26 	9.59066
197	168   	114.998	14776.2    	0.0911973	951.67     	91.3467	135	28 	10.244 
198	159   	26.9717	1137.59    	0.0911973	99.4966    	91.2867	124	6  	11.661 
199	180   	74.5693	4799.43    	0.0911973	394.449    	91.2933	152	32 	12.4855
200	164   	69.1601	6092.81    	0.0911973	526.587    	90.0033	146	27 	14.0662
--------------------------------------------------------------------------------

Best individual:
Required sequence: 1, 1, 0, 0, 2, 10, 4, 40, 92, 352, 724, 2680, 14200, 73712, 365596, 2279184, 14772512, 95815104, 666090624, 4968057848, 39029188884, 314666222712, 2691008701644, 24233937684440, 227514171973736, 2207893435808352, 22317699616364044, 234907967154122528
Actual sequence:   0.6663667453928805, 0.6768532008984453, 0.22932980177913942, -0.021932713740312693, 1.822506762283151, 10.626761002020372, 4.068455999002284, 39.82181254682118, 13.496531743875256, 4.0799731517593685, 6.5248764795643215, 21.42104123259311, 43.104698357450204, 47.90729505089711, 28.026841369838152, 5.5134658546048705, 12.24786347668304, 24.391047949277837, 52.00425612518692, -29.76282472813449, 47.259478610713316, 24.841190522368457, 69.22459226959685, 28.00138522731725, 57.082785450335855, 23.555183870635457, 73.45222402872965, 39.489452364376895


Best algorithm: add(protected_divide(add(sin(mul(protected_divide(n, -1), add(n, n))), add(sin(mul(protected_divide(protected_divide(cos(n), sin(sin(add(n, -1)))), protected_divide(protected_divide(add(mul(n, cos(neg(n))), sin(n)), cos(protected_divide(cos(cos(sin(n))), sin(add(n, -1))))), n)), cos(protected_divide(cos(n), sin(sin(n)))))), mul(protected_divide(n, 1), cos(n)))), cos(protected_divide(cos(n), sin(mul(protected_divide(n, -1), add(n, n)))))), add(n, add(cos(add(add(protected_divide(cos(n), sin(n)), n), add(n, add(sin(-1), protected_divide(sin(neg(-1)), n))))), n)))

Failed!