   	      	                          fitness                          	              size             
   	      	-----------------------------------------------------------	-------------------------------
gen	nevals	avg        	max        	min        	std        	avg    	max	min	std    
0  	300   	4.86118e+37	4.86118e+37	4.86118e+37	9.44473e+21	3.45   	7  	2  	1.49025
1  	159   	4.86118e+37	4.86118e+37	4.86118e+37	9.44473e+21	3.63667	11 	1  	1.69253
2  	151   	4.86118e+37	4.86118e+37	4.86118e+37	9.44473e+21	3.78   	9  	1  	1.78464
3  	172   	4.86118e+37	4.86118e+37	4.86118e+37	9.44473e+21	3.79667	14 	1  	2.01874
4  	184   	4.86118e+37	4.86118e+37	4.86118e+37	9.44473e+21	4.04   	12 	1  	2.14283
5  	165   	4.86118e+37	4.86118e+37	4.86118e+37	9.44473e+21	4.33   	13 	1  	2.36526
6  	167   	4.86118e+37	4.86118e+37	4.86118e+37	9.44473e+21	4.41667	13 	1  	2.44057
7  	170   	4.86118e+37	4.86118e+37	4.86118e+37	9.44473e+21	4.44   	16 	1  	2.60891
8  	152   	4.86118e+37	4.86118e+37	4.86118e+37	9.44473e+21	4.47   	19 	1  	2.70723
9  	177   	4.86118e+37	4.86118e+37	4.86118e+37	9.44473e+21	4.43333	15 	1  	2.67187
10 	170   	4.86118e+37	4.86118e+37	4.86118e+37	9.44473e+21	5.01667	16 	1  	3.03365
11 	159   	4.86118e+37	4.86118e+37	4.86118e+37	9.44473e+21	4.91   	15 	1  	2.8917 
12 	154   	4.86118e+37	4.86118e+37	4.86118e+37	9.44473e+21	5.27333	15 	1  	2.89343
13 	160   	4.86118e+37	4.86118e+37	4.86118e+37	9.44473e+21	5.37333	14 	1  	2.98227
14 	152   	4.86118e+37	4.86118e+37	4.86118e+37	9.44473e+21	5.20333	14 	1  	3.14674
15 	144   	4.86118e+37	4.86118e+37	4.86118e+37	9.44473e+21	5.5    	14 	1  	3.14378
16 	156   	4.86118e+37	4.86118e+37	4.86118e+37	9.44473e+21	5.53333	14 	1  	3.20139
17 	152   	4.86118e+37	4.86118e+37	4.86118e+37	9.44473e+21	5.72333	17 	1  	3.48522
18 	159   	4.86118e+37	4.86118e+37	4.86118e+37	9.44473e+21	5.69667	18 	1  	3.6329 
19 	166   	4.86118e+37	4.86118e+37	4.86118e+37	9.44473e+21	6.06667	24 	1  	4.02603
20 	158   	4.86118e+37	4.86118e+37	4.86118e+37	9.44473e+21	5.91   	24 	1  	3.96088
21 	173   	4.86118e+37	4.86118e+37	4.86118e+37	9.44473e+21	5.89333	26 	1  	4.12092
22 	150   	4.86118e+37	4.86118e+37	4.86118e+37	9.44473e+21	6.07   	22 	1  	3.82166
23 	178   	4.86118e+37	4.86118e+37	4.86118e+37	9.44473e+21	6.24667	22 	1  	4.16083
24 	175   	4.86118e+37	4.86118e+37	4.86118e+37	9.44473e+21	6.37667	22 	1  	4.00601
25 	155   	4.86118e+37	4.86118e+37	4.86118e+37	9.44473e+21	6.37667	22 	1  	3.89035
26 	155   	4.86118e+37	4.86118e+37	4.86118e+37	9.44473e+21	6.2    	22 	1  	3.81488
27 	149   	4.86118e+37	4.86118e+37	4.86118e+37	9.44473e+21	6.18   	22 	1  	3.56009
28 	160   	4.86118e+37	4.86118e+37	4.86118e+37	9.44473e+21	6.00667	22 	1  	3.8747 
29 	179   	4.86118e+37	4.86118e+37	4.86118e+37	9.44473e+21	5.74   	23 	1  	3.77788
30 	163   	4.86118e+37	4.86118e+37	4.86118e+37	9.44473e+21	5.58   	14 	1  	3.26143
31 	164   	4.86118e+37	4.86118e+37	4.86118e+37	9.44473e+21	5.50333	21 	1  	3.67196
32 	183   	4.86118e+37	4.86118e+37	4.86118e+37	9.44473e+21	5.58   	19 	1  	3.56608
33 	157   	4.86118e+37	4.86118e+37	4.86118e+37	9.44473e+21	5.61333	19 	1  	3.72342
34 	164   	4.86118e+37	4.86118e+37	4.86118e+37	9.44473e+21	5.28333	23 	1  	3.75984
35 	170   	4.86118e+37	4.86118e+37	4.86118e+37	9.44473e+21	5.35333	24 	1  	3.91005
36 	168   	4.86118e+37	4.86118e+37	4.86118e+37	9.44473e+21	5.70667	27 	1  	4.18576
37 	168   	4.86118e+37	4.86118e+37	4.86118e+37	9.44473e+21	5.72667	28 	1  	3.96383
38 	155   	4.86118e+37	4.86118e+37	4.86118e+37	9.44473e+21	5.64333	21 	1  	3.817  
39 	156   	4.86118e+37	4.86118e+37	4.86118e+37	9.44473e+21	5.33333	21 	1  	3.96849
40 	173   	4.86118e+37	4.86118e+37	4.86118e+37	9.44473e+21	5.33667	22 	1  	4.03113
41 	170   	4.86118e+37	4.86118e+37	4.86118e+37	9.44473e+21	5.52333	26 	1  	4.22407
42 	164   	4.86118e+37	4.86118e+37	4.86118e+37	9.44473e+21	5.78667	22 	1  	4.39483
43 	151   	4.86118e+37	4.86118e+37	4.86118e+37	9.44473e+21	5.98   	23 	1  	4.84076
44 	164   	4.86118e+37	4.86118e+37	4.86118e+37	9.44473e+21	5.36333	23 	1  	4.34181
45 	182   	4.86118e+37	4.86118e+37	4.86118e+37	9.44473e+21	5.65   	25 	1  	4.69902
46 	177   	4.86118e+37	4.86118e+37	4.86118e+37	9.44473e+21	6.00333	32 	1  	5.21696
47 	177   	4.86118e+37	4.86118e+37	4.86118e+37	9.44473e+21	6.17667	35 	1  	5.17804
48 	174   	4.86118e+37	4.86118e+37	4.86118e+37	9.44473e+21	5.97   	27 	1  	4.77519
49 	174   	4.86118e+37	4.86118e+37	4.86118e+37	9.44473e+21	6.15   	32 	1  	4.99141
50 	171   	4.86118e+37	4.86118e+37	4.86118e+37	9.44473e+21	5.75   	25 	1  	4.72308
51 	167   	4.86118e+37	4.86118e+37	4.86118e+37	9.44473e+21	5.68333	32 	1  	4.60323
52 	168   	4.86118e+37	4.86118e+37	4.86118e+37	9.44473e+21	5.82333	40 	1  	4.73837
53 	142   	4.86118e+37	4.86118e+37	4.86118e+37	9.44473e+21	5.77   	23 	1  	4.28452
54 	159   	4.86118e+37	4.86118e+37	4.86118e+37	9.44473e+21	6.43333	23 	1  	4.89546
55 	162   	4.86118e+37	4.86118e+37	4.86118e+37	9.44473e+21	6.38667	29 	1  	5.06002
56 	170   	4.86118e+37	4.86118e+37	4.86118e+37	9.44473e+21	6.42333	35 	1  	5.04223
57 	177   	4.86118e+37	4.86118e+37	4.86118e+37	9.44473e+21	6.61667	35 	1  	5.63942
58 	164   	4.86118e+37	4.86118e+37	4.86118e+37	9.44473e+21	7.15333	35 	1  	6.21422
59 	164   	4.86118e+37	4.86118e+37	4.86118e+37	9.44473e+21	7.89667	32 	1  	6.79407
60 	188   	4.86118e+37	4.86118e+37	4.86118e+37	9.44473e+21	7.63667	33 	1  	6.76447
61 	154   	4.86118e+37	4.86118e+37	4.86118e+37	9.44473e+21	7.35667	35 	1  	6.61585
62 	167   	4.86118e+37	4.86118e+37	4.86118e+37	9.44473e+21	6.96667	37 	1  	6.52423
63 	173   	4.86118e+37	4.86118e+37	4.86118e+37	9.44473e+21	7.35333	30 	1  	6.40639
64 	163   	4.86118e+37	4.86118e+37	4.86118e+37	9.44473e+21	6.90667	30 	1  	6.02754
65 	155   	4.86118e+37	4.86118e+37	4.86118e+37	9.44473e+21	8.06667	30 	1  	6.9197 
66 	149   	4.86118e+37	4.86118e+37	4.86118e+37	9.44473e+21	8.03667	42 	1  	6.911  
67 	186   	4.86118e+37	4.86118e+37	4.86118e+37	9.44473e+21	8.11667	28 	1  	6.56021
68 	147   	4.86118e+37	4.86118e+37	4.86118e+37	9.44473e+21	7.93333	28 	1  	6.1727 
69 	171   	4.86118e+37	4.86118e+37	4.86118e+37	9.44473e+21	8.67   	30 	1  	6.57884
70 	174   	4.86118e+37	4.86118e+37	4.86118e+37	9.44473e+21	8.95333	33 	1  	6.87976
71 	165   	4.86118e+37	4.86118e+37	4.86118e+37	9.44473e+21	9.38   	33 	1  	7.27523
72 	172   	4.86118e+37	4.86118e+37	4.86118e+37	9.44473e+21	8.90333	33 	1  	7.43644
73 	172   	4.86118e+37	4.86118e+37	4.86118e+37	9.44473e+21	8.74   	33 	1  	7.05448
74 	171   	4.86118e+37	4.86118e+37	4.86118e+37	9.44473e+21	9.13333	39 	1  	7.24354
75 	160   	4.86118e+37	4.86118e+37	4.86118e+37	9.44473e+21	8.88667	39 	1  	7.0508 
76 	158   	4.86118e+37	4.86118e+37	4.86118e+37	9.44473e+21	8.51333	41 	1  	6.97303
77 	187   	4.86118e+37	4.86118e+37	4.86118e+37	9.44473e+21	8.44333	38 	1  	6.84642
78 	168   	4.86118e+37	4.86118e+37	4.86118e+37	9.44473e+21	8.19   	30 	1  	5.99894
79 	177   	4.86118e+37	4.86118e+37	4.86118e+37	9.44473e+21	8.69333	29 	1  	5.88665
80 	167   	4.86118e+37	4.86118e+37	4.86118e+37	9.44473e+21	8.95   	30 	1  	5.94874
81 	159   	4.86118e+37	4.86118e+37	4.86118e+37	9.44473e+21	9.34667	34 	1  	6.03157
82 	172   	4.86118e+37	4.86118e+37	4.86118e+37	9.44473e+21	8.64   	40 	1  	6.00142
83 	153   	4.86118e+37	4.86118e+37	4.86118e+37	9.44473e+21	8.69667	42 	1  	6.74423
84 	170   	4.86118e+37	4.86118e+37	4.86118e+37	9.44473e+21	8.55667	49 	1  	7.25167
85 	180   	4.86118e+37	4.86118e+37	4.86118e+37	9.44473e+21	9.41   	49 	1  	7.8304 
86 	161   	4.86118e+37	4.86118e+37	4.86118e+37	9.42898e+21	9.91   	49 	1  	8.48814
87 	175   	4.86118e+37	4.86118e+37	4.86118e+37	9.42898e+21	10.0567	46 	1  	9.16843
88 	158   	4.86118e+37	4.86118e+37	4.86118e+37	9.4132e+21 	9.33333	43 	1  	7.70382
89 	148   	4.86118e+37	4.86118e+37	4.86118e+37	9.3657e+21 	9.24667	44 	1  	7.84001
90 	173   	4.86118e+37	4.86118e+37	4.86118e+37	9.31795e+21	8.91333	45 	1  	7.60038
91 	161   	4.86118e+37	4.86118e+37	4.86118e+37	9.26996e+21	9.44667	45 	1  	7.88842
92 	179   	4.86118e+37	4.86118e+37	4.86118e+37	8.61043e+22	9.62333	38 	1  	7.24349
93 	177   	4.86118e+37	4.86118e+37	4.86118e+37	8.79003e+22	9.72667	45 	1  	7.10202
94 	160   	4.86118e+37	4.86118e+37	4.86118e+37	1.48968e+23	9.48333	39 	1  	6.68354
95 	158   	4.86118e+37	4.86118e+37	4.86118e+37	2.23582e+23	10.1033	41 	1  	6.59944
96 	157   	4.86118e+37	4.86118e+37	4.86118e+37	2.89673e+23	11.31  	41 	1  	6.3093 
97 	159   	4.86118e+37	4.86118e+37	4.86118e+37	6.70764e+23	13.3267	35 	1  	6.00943
98 	181   	4.86118e+37	4.86118e+37	4.86118e+37	6.61801e+26	15.2467	40 	1  	6.87938
99 	175   	4.86118e+37	4.86118e+37	4.86118e+37	1.58318e+26	17.1233	51 	1  	8.0867 
100	163   	4.86118e+37	4.86118e+37	4.86118e+37	5.62276e+27	19.07  	49 	1  	8.98175
101	146   	4.86118e+37	4.86118e+37	4.86118e+37	9.71939e+27	22.2067	62 	2  	9.33831
102	153   	4.86122e+37	4.87275e+37	4.86112e+37	6.66825e+33	26.7567	68 	2  	11.2924
103	176   	4.86118e+37	4.86123e+37	4.86112e+37	6.19484e+31	30.0833	101	1  	13.1551
104	155   	4.86118e+37	4.86119e+37	4.86112e+37	7.514e+31  	33.2333	65 	1  	11.089 
105	177   	4.86113e+37	4.8615e+37 	4.84962e+37	6.75338e+33	35.7733	69 	1  	13.2044
106	168   	4.85384e+37	4.8615e+37 	2.68461e+37	1.25453e+36	40.22  	70 	3  	12.8145
107	187   	4.83906e+37	4.8615e+37 	2.68461e+37	2.1657e+36 	44.1233	101	3  	14.9073
108	155   	4.81459e+37	4.9308e+37 	1.8726e+37 	3.26512e+36	49.78  	101	3  	15.2638
109	165   	8.37822e+44	2.51346e+47	1.8726e+37 	1.44873e+46	54.0367	101	3  	13.5824
110	183   	1.7909e+40 	5.35519e+42	1.8726e+37 	3.08663e+41	56.3667	110	3  	15.4188
111	161   	3.93807e+40	5.92093e+42	1.42514e+37	4.62013e+41	60.3233	115	3  	15.1569
112	161   	7.15797e+41	2.14577e+44	1.50144e+37	1.23679e+43	64.68  	120	4  	14.6079
113	159   	3.01854e+46	9.04865e+48	1.42514e+37	5.21551e+47	67.4267	120	3  	14.5597
114	161   	1.23129e+48	3.60055e+50	1.42514e+37	2.07579e+49	71.0933	129	3  	15.0947
115	178   	3.11348e+46	9.04865e+48	1.42514e+37	5.21742e+47	74.4433	126	3  	13.2941
116	171   	3.90902e+49	1.1727e+52 	1.42514e+37	6.75932e+50	75.64  	141	3  	15.1172
117	133   	4.32398e+49	1.29619e+52	1.97773e+36	7.47107e+50	77.2333	148	15 	13.7983
118	164   	2.93265e+71	8.79796e+73	1.97773e+36	5.07103e+72	74.8967	150	3  	17.5738
119	165   	1.20021e+48	3.60054e+50	1.97773e+36	2.07531e+49	74.4867	148	3  	13.6788
120	167   	1.82379e+54	5.47136e+56	1.97773e+36	3.15362e+55	73.9167	112	2  	12.5067
121	171   	1.08584e+48	3.25752e+50	4.28362e+35	1.87759e+49	73.4167	111	5  	13.5229
122	165   	4.35097e+47	1.18963e+50	1.97773e+36	6.87116e+48	75.2967	116	5  	11.3114
123	167   	9.41076e+50	1.54176e+53	2.29696e+35	1.10277e+52	73.3967	130	1  	17.258 
124	172   	1.49374e+48	2.39328e+50	2.29673e+35	1.61664e+49	75.4533	112	3  	14.1996
125	161   	1.70156e+56	5.10468e+58	2.84999e+34	2.94228e+57	76.4733	131	3  	12.8705
126	164   	1.3789e+50 	4.13669e+52	2.84999e+34	2.38433e+51	77.4767	108	3  	11.7597
127	158   	4.49616e+44	6.74432e+46	2.29673e+35	5.48803e+45	78.0533	134	3  	14.9697
128	167   	1.42759e+49	4.28268e+51	2.29673e+35	2.46848e+50	79.4033	139	3  	15.451 
129	141   	4.74419e+66	1.42326e+69	2.29673e+35	8.20346e+67	81.7867	146	1  	15.2984
130	163   	1.11761e+44	3.35199e+46	2.02838e+35	1.93204e+45	83.6767	125	1  	13.5127
131	154   	1.20125e+60	3.60187e+62	2.02838e+35	2.07607e+61	84.2667	157	1  	19.143 
132	160   	1.55677e+55	4.67015e+57	2.43982e+34	2.69182e+56	88.3667	138	10 	16.492 
133	161   	2.00868e+43	3.47139e+45	2.43982e+34	2.47888e+44	92.57  	141	2  	17.9896
134	154   	5.44456e+44	1.63193e+47	2.43982e+34	9.4062e+45 	93.98  	137	3  	17.6937
135	155   	6.75659e+51	2.02698e+54	2.43982e+34	1.16832e+53	94.7933	127	3  	17.3218
136	144   	2.45941e+50	7.35411e+52	2.43982e+34	4.23878e+51	95.4233	130	3  	17.2359
137	159   	2.43237e+53	7.29711e+55	2.43982e+34	4.20596e+54	93.74  	139	3  	14.4835
138	163   	5.17936e+47	1.55381e+50	2.43982e+34	8.95594e+48	89.7533	125	1  	17.6225
139	149   	1.15458e+46	3.46375e+48	2.43982e+34	1.99646e+47	88.7467	125	3  	16.3663
140	156   	1.52367e+47	4.55902e+49	2.43982e+34	2.62774e+48	88.1167	133	1  	15.5363
141	152   	1.19485e+46	3.46773e+48	1.34546e+34	1.99966e+47	89.27  	116	3  	14.9797
142	159   	2.02729e+47	5.52831e+49	1.34546e+34	3.19549e+48	90.6367	169	12 	16.7747
143	183   	1.63658e+46	3.64356e+48	1.34546e+34	2.22075e+47	92.89  	175	4  	17.9968
144	159   	1.54465e+58	4.63396e+60	1.34546e+34	2.67095e+59	94.1667	195	7  	19.7669
145	168   	3.36945e+44	1.01077e+47	1.34546e+34	5.82593e+45	93.8433	195	3  	22.3598
146	161   	5.30282e+47	1.13494e+50	1.34546e+34	7.04156e+48	94.86  	182	10 	20.7569
147	165   	2.83089e+41	8.41631e+43	1.37347e+33	4.85106e+42	94.54  	175	3  	18.5394
148	158   	5.25416e+40	5.9743e+42 	1.34546e+34	4.93695e+41	95.5367	175	3  	16.8492
149	153   	5.76432e+41	8.41631e+43	1.34546e+34	6.85016e+42	98.84  	175	24 	15.7497
150	171   	2.88808e+41	8.41631e+43	1.08424e+33	4.85242e+42	100    	149	3  	19.0309
151	141   	1.20122e+46	3.30451e+48	1.08424e+33	1.91189e+47	103.247	132	4  	15.8415
152	154   	4.85029e+47	1.41576e+50	1.08424e+33	8.16265e+48	105.383	141	3  	14.7606
153	150   	2.77068e+43	8.31053e+45	1.08424e+33	4.79008e+44	106.483	139	3  	11.0829
154	166   	1.4106e+46 	3.93265e+48	1.08424e+33	2.2727e+47 	105.623	135	3  	14.0008
155	156   	4.42793e+40	6.44695e+42	1.08424e+33	4.31616e+41	105.91 	144	3  	13.9581
156	166   	1.63235e+72	4.89706e+74	1.08424e+33	2.8226e+73 	105.657	215	3  	18.9053
157	157   	1.72524e+40	2.30223e+42	1.08424e+33	1.87693e+41	106.623	183	3  	13.2512
158	163   	2.43629e+41	7.07106e+43	1.08424e+33	4.07737e+42	104.743	144	3  	15.782 
159	161   	3.00865e+46	3.83141e+48	1.08424e+33	3.21173e+47	105.613	145	5  	12.9207
160	169   	1.02951e+69	3.08853e+71	1.08424e+33	1.78019e+70	104.57 	182	3  	16.3238
161	144   	4.59766e+47	1.3793e+50 	1.08424e+33	7.95009e+48	105.34 	140	3  	13.6598
162	181   	3.9941e+47 	1.15899e+50	1.08424e+33	6.68318e+48	104.41 	143	1  	15.8723
163	158   	5.6337e+41 	8.22465e+43	1.08424e+33	6.68393e+42	104.937	127	1  	13.6125
164	166   	1.76362e+47	4.90743e+49	1.08424e+33	2.83645e+48	104.393	142	4  	15.1859
165	156   	6.41342e+51	1.92391e+54	8.07826e+32	1.10892e+53	104.17 	189	3  	17.6896
166	163   	1.29523e+45	2.99139e+47	8.07826e+32	1.79794e+46	105.277	146	3  	13.8528
167	178   	2.40142e+41	6.72404e+43	8.07826e+32	3.87926e+42	105.137	140	3  	14.4697
168	143   	5.88892e+48	1.76668e+51	8.07826e+32	1.01829e+50	106.227	138	1  	11.147 
169	183   	6.09765e+50	1.78757e+53	8.07826e+32	1.03053e+52	104.48 	137	3  	14.7527
170	183   	1.3136e+46 	3.83141e+48	8.07826e+32	2.20902e+47	105.173	222	3  	16.5957
171	148   	1.07714e+58	3.23143e+60	8.07826e+32	1.86256e+59	104.743	156	3  	15.4669
172	162   	1.54617e+46	4.63595e+48	8.07826e+32	2.6721e+47 	106.147	156	3  	14.0059
173	158   	9.95365e+42	2.95556e+45	8.07826e+32	1.70356e+44	108.277	156	6  	12.4019
174	173   	2.55205e+46	3.83136e+48	8.07826e+32	3.11397e+47	109.357	175	3  	16.6838
175	176   	6.57716e+40	1.71931e+43	8.07826e+32	9.99052e+41	111.67 	175	61 	15.4195
176	162   	6.41304e+51	1.92391e+54	8.07826e+32	1.10892e+53	110.957	176	1  	19.9205
177	153   	1.27397e+46	3.82184e+48	8.07826e+32	2.20286e+47	110.99 	175	1  	17.802 
178	152   	2.20054e+40	6.36043e+42	8.07826e+32	3.66622e+41	109.67 	175	6  	17.5298
179	183   	1.07318e+46	3.21945e+48	8.07826e+32	1.85565e+47	108.827	175	3  	18.1825
180	172   	2.29861e+41	6.88879e+43	8.07826e+32	3.9706e+42 	110.73 	175	3  	14.4816
181	163   	1.30126e+46	3.89548e+48	8.07826e+32	2.2453e+47 	111.557	197	23 	14.3332
182	161   	1.27395e+46	3.82184e+48	8.07826e+32	2.20286e+47	110.417	184	6  	13.7655
183	189   	1.27506e+46	3.82184e+48	8.07826e+32	2.20285e+47	108.34 	142	5  	17.4011
184	163   	4.76194e+47	1.37587e+50	8.07826e+32	7.93275e+48	110.44 	152	8  	13.5816
185	176   	8.2618e+41 	8.20422e+43	8.07826e+32	8.15481e+42	109.493	156	3  	15.8956
186	166   	1.27494e+46	3.82184e+48	7.00136e+32	2.20285e+47	109.963	141	3  	13.9433
187	178   	1.27395e+46	3.82184e+48	7.00136e+32	2.20286e+47	109.863	139	3  	13.9496
188	176   	2.77891e+43	8.3293e+45 	7.00136e+32	4.80089e+44	107.213	152	3  	19.8229
189	139   	5.22336e+37	6.08325e+39	7.00136e+32	3.84927e+38	109.917	129	1  	12.3746
190	167   	1.53508e+40	2.29653e+42	7.00136e+32	1.86882e+41	109.537	155	4  	14.585 
191	154   	1.27396e+46	3.82189e+48	7.00136e+32	2.20289e+47	110.507	143	3  	11.7279
192	178   	1.27185e+46	3.81556e+48	7.00136e+32	2.19924e+47	110.827	150	4  	10.209 
193	159   	5.87771e+48	1.75939e+51	7.00136e+32	1.01408e+50	109.827	151	6  	12.8537
194	152   	4.5787e+47 	1.37361e+50	7.00136e+32	7.9173e+48 	110.847	147	4  	12.0168
195	165   	3.81817e+45	1.14543e+48	7.00136e+32	6.60212e+46	110.443	149	6  	13.9549
196	143   	1.3176e+42 	2.29651e+44	7.00136e+32	1.47828e+43	111.167	146	12 	15.2778
197	165   	4.5787e+47 	1.37361e+50	7.00136e+32	7.9173e+48 	110.96 	145	3  	17.0501
198	186   	2.79968e+41	8.16554e+43	7.00136e+32	4.70785e+42	114.813	155	28 	12.7258
199	163   	3.67819e+40	6.34995e+42	7.00136e+32	4.08563e+41	116.967	165	3  	16.6757
200	152   	9.83945e+42	2.94488e+45	7.00136e+32	1.69738e+44	116.883	150	2  	21.6891
--------------------------------------------------------------------------------

Best individual:
Required sequence: 3, 5, 17, 257, 65537, 4294967297, 18446744073709551617
Actual sequence:   0, -10, -27276912, -2413236920424, 419875038311311, 68399241730981216, 18461654443720593408


Best algorithm: sub(protected_divide(protected_divide(n, protected_divide(protected_divide(protected_divide(protected_divide(protected_divide(-1, neg(n)), protected_divide(n, protected_divide(protected_divide(protected_divide(-1, neg(n)), n), n))), n), n), n)), protected_divide(protected_divide(protected_divide(protected_divide(protected_divide(sin(n), neg(n)), protected_divide(protected_divide(neg(n), neg(protected_divide(protected_divide(protected_divide(protected_divide(-1, neg(n)), n), n), n))), protected_divide(protected_divide(protected_divide(-1, neg(n)), n), n))), n), protected_divide(n, protected_divide(protected_divide(-1, neg(n)), n))), protected_divide(n, protected_divide(protected_divide(add(n, protected_divide(protected_divide(protected_divide(protected_divide(-1, protected_divide(add(1, add(1, protected_divide(sin(n), neg(n)))), n)), protected_divide(n, protected_divide(protected_divide(protected_divide(-1, neg(n)), n), n))), protected_divide(protected_divide(protected_divide(protected_divide(-1, neg(n)), n), n), n)), n)), n), n)))), protected_divide(n, protected_divide(protected_divide(protected_divide(protected_divide(protected_divide(-1, neg(n)), protected_divide(n, protected_divide(protected_divide(protected_divide(protected_divide(-1, neg(n)), n), n), n))), n), n), n)))

Failed!