   	      	                fitness                	              size              
   	      	---------------------------------------	--------------------------------
gen	nevals	avg    	max        	min	std    	avg    	max	min	std     
0  	300   	616.005	5260.5     	0  	372.622	3.74333	7  	2  	1.61579 
1  	149   	492.951	841        	0  	151.331	3.61667	11 	1  	1.56729 
2  	182   	435.782	2338       	0  	256.24 	3.75333	14 	1  	1.75475 
3  	166   	305.937	841        	0  	212.675	3.84333	10 	1  	1.57653 
4  	169   	270.396	16435      	0  	1340.12	4.08667	14 	1  	1.74523 
5  	171   	459.07 	16435      	0  	2303.08	3.92   	9  	1  	1.59173 
6  	149   	190.132	16435      	0  	1365.18	3.69   	12 	1  	1.58553 
7  	166   	194.59 	30939      	0  	1808.7 	3.78   	12 	1  	1.56789 
8  	152   	206.181	16435      	0  	1381.57	3.5    	9  	1  	1.25831 
9  	164   	220.295	16435      	0  	1638.37	3.43667	12 	1  	1.3902  
10 	153   	248.581	16435      	0  	1655.43	3.49333	18 	1  	1.52642 
11 	174   	249.781	16435      	0  	1705.51	3.32667	12 	1  	1.17187 
12 	148   	72.7335	2338       	0  	272.71 	3.25333	8  	1  	0.892089
13 	169   	78.951 	2747.5     	0  	284.035	3.19   	9  	1  	1.02984 
14 	153   	199.223	16435      	0  	1376.33	3.20333	9  	1  	0.87292 
15 	140   	3554.26	942804     	0  	54411.2	3.30667	9  	1  	1.04529 
16 	180   	56.1599	2338       	0  	215.422	3.15333	7  	1  	0.655608
17 	160   	65.3464	2338       	0  	221.702	3.19   	9  	1  	0.938385
18 	158   	51.5317	2338       	0  	238.414	3.14667	9  	1  	0.720062
19 	167   	127.075	16435      	0  	1000.74	3.13   	8  	1  	0.702211
20 	149   	217.474	16435      	0  	1641.02	3.17333	9  	1  	0.830636
21 	181   	69.908 	5260.5     	0  	391.982	3.10667	8  	1  	0.736176
22 	177   	42.9297	2338       	0  	191.269	3.13667	9  	1  	0.751436
23 	150   	56.2274	4690       	0  	306.807	3.12667	9  	1  	0.777146
24 	154   	265.383	39944.5    	0  	2509.2 	3.18667	9  	1  	0.867077
25 	166   	236.665	30939      	0  	2115.23	3.15   	9  	1  	0.757738
26 	158   	59.406 	2338       	0  	237.072	3.12   	9  	1  	0.677446
27 	175   	243.113	39944.5    	0  	2492.87	3.15   	9  	1  	0.808806
28 	156   	80.3909	2987.03    	0  	305.684	3.18   	8  	1  	0.924265
29 	155   	139.308	17425.5    	0  	1044.4 	3.19333	9  	1  	0.93948 
30 	164   	112.438	16435      	0  	966.972	3.10333	9  	1  	0.774159
31 	178   	61.0482	798        	0  	179.37 	3.13333	8  	1  	0.727247
32 	176   	65.7448	2338       	0  	306.435	3.1    	8  	1  	0.680686
33 	191   	54.0747	3277       	0  	271.785	3.09   	7  	2  	0.463932
34 	156   	104.511	16596.9    	0  	975.441	3.09667	9  	1  	0.702843
35 	175   	58.839 	798        	0  	176.121	3.15333	9  	1  	0.910946
36 	171   	61.642 	2747.5     	0  	274.592	3.28667	15 	1  	1.26141 
37 	156   	64.2085	2002.22    	0  	230.293	3.26   	19 	1  	1.41624 
38 	161   	178.724	16435      	0  	1382.02	3.19667	9  	1  	1.1006  
39 	176   	88.7295	10177      	0  	619.315	3.16667	9  	1  	0.867307
40 	169   	112.191	16435      	0  	966.228	3.13   	9  	1  	0.725557
41 	143   	51.4329	2338       	0  	209.784	3.07667	6  	1  	0.451799
42 	167   	200.596	23102.5    	0  	1647.62	3.12   	8  	1  	0.795152
43 	157   	161.674	30939      	0  	1802.84	3.08333	8  	1  	0.608048
44 	130   	160.713	30939      	0  	1799.51	3.14333	9  	1  	0.797573
45 	166   	30.858 	798        	0  	137.466	3.1    	9  	1  	0.635085
46 	168   	146.64 	30939      	0  	1787.76	3.12667	9  	1  	0.781423
47 	179   	133.587	16435      	0  	992.379	3.15   	9  	1  	0.783688
48 	165   	51.1887	2338       	0  	208.355	3.13   	9  	1  	0.725557
49 	162   	175.65 	30939      	0  	1801.39	3.20333	9  	1  	0.956725
50 	170   	249.323	30096.9    	0  	2195.51	3.23667	12 	2  	1.01027 
51 	157   	285.622	54158.5    	0  	3264.22	3.16   	9  	1  	0.845222
52 	185   	78.8019	5260.5     	0  	349.056	3.25667	9  	1  	1.00206 
53 	174   	139.605	16552.6    	0  	1002.78	3.19333	9  	1  	0.877091
54 	166   	135.665	23102.5    	0  	1359.88	3.13667	8  	1  	0.773297
55 	173   	82.3496	5260.5     	0  	384.441	3.13667	8  	1  	0.742511
56 	167   	112.342	16435      	0  	976.938	3.19333	8  	1  	0.750081
57 	127   	24.4993	798        	0  	112.577	3.10667	9  	1  	0.68456 
58 	165   	47.6081	2338       	0  	227.133	3.14333	9  	1  	0.655329
59 	169   	52.4022	2338       	0  	204.92 	3.18   	9  	1  	0.817068
60 	162   	54.4904	2554.91    	0  	211.066	3.14333	8  	1  	0.78917 
61 	172   	53.2809	2338       	0  	209.852	3.09   	9  	1  	0.771514
62 	180   	49.0045	2825.38    	0  	213.966	3.06333	9  	1  	0.588208
63 	163   	40.1621	798        	0  	143.032	3.05   	8  	1  	0.658913
64 	167   	120.416	16435      	0  	968.163	3.07667	8  	1  	0.733114
65 	168   	92.9029	2747.5     	0  	360.381	3.22333	9  	1  	0.920211
66 	179   	243.774	16435      	0  	1725.3 	3.19333	9  	1  	0.857879
67 	155   	60.5416	2338       	0  	243.99 	3.12   	9  	1  	0.743146
68 	164   	95.7639	16435      	0  	966.996	3.11   	9  	1  	0.719653
69 	162   	3188.74	942804     	0  	54339.7	3.2    	8  	2  	0.765942
70 	181   	51.6272	2338       	0  	205.33 	3.21   	11 	1  	1.03242 
71 	184   	63.9783	2338       	0  	216.801	3.3    	9  	1  	0.967815
72 	168   	71.6952	2338       	0  	223.235	3.17333	9  	1  	0.802053
73 	144   	121.097	16435      	0  	1008.68	3.21333	9  	1  	0.876255
74 	145   	144.513	30939      	0  	1786.83	3.17   	9  	1  	0.825288
75 	157   	73.3042	5260.5     	0  	386.823	3.25   	9  	3  	0.91697 
76 	164   	66.7406	2132.92    	0  	251.455	3.20333	9  	1  	0.990954
77 	167   	69.3251	2338       	0  	292.796	3.18   	9  	1  	0.917024
78 	161   	118.272	16435      	0  	1003.16	3.22667	8  	1  	0.853594
79 	177   	207.85 	16435      	0  	1641.4 	3.22333	9  	1  	0.97645 
80 	163   	184.678	30939      	0  	1802.18	3.16333	9  	1  	0.802074
81 	176   	242.149	16435      	0  	1408.91	3.26333	8  	1  	0.879766
82 	156   	35.0403	892.647    	0  	142.614	3.20333	11 	1  	0.910305
83 	164   	35.6608	798        	0  	133.482	3.19   	9  	1  	0.848862
84 	165   	1385.98	341216     	0  	19758.4	3.29333	9  	1  	1.01684 
85 	162   	146.439	16435      	0  	1003.59	3.26667	9  	1  	1.06875 
86 	179   	130.302	16435      	0  	993.646	3.29667	9  	1  	1.04658 
87 	171   	211.588	16435      	0  	1385.29	3.34333	9  	1  	1.16853 
88 	159   	1325.33	341216     	0  	19703.8	3.34333	9  	1  	1.02573 
89 	176   	240.667	30939      	0  	1834.43	3.38   	10 	1  	1.19259 
90 	164   	348.682	30939      	0  	2847.36	3.28667	9  	1  	1.04139 
91 	168   	282.902	30939      	0  	2527.06	3.18333	9  	1  	0.854238
92 	162   	146.274	16435      	0  	1016.2 	3.15667	8  	1  	0.743049
93 	161   	151.578	30939      	0  	1791.54	3.15333	9  	1  	0.745982
94 	174   	827.062	118234     	0  	7673.22	3.21333	9  	1  	0.895073
95 	169   	57.1984	2338       	0  	239.492	3.11   	9  	1  	0.625486
96 	161   	120.341	16435      	0  	983.256	3.12   	9  	1  	0.65238 
97 	169   	3309.81	942804     	0  	54348.7	3.13   	9  	1  	0.82448 
98 	167   	88.1019	2338       	0  	335.47 	3.14667	9  	1  	0.786441
99 	169   	116.286	16435      	0  	967.819	3.17333	9  	1  	0.785253
100	152   	74.5005	2747.5     	0  	348.01 	3.16   	9  	1  	0.74009 
101	179   	169.539	30939      	0  	1793.58	3.18667	9  	1  	0.835756
102	194   	283.564	30939      	0  	2526.42	3.18333	8  	1  	0.858131
103	163   	333.549	78490.5    	0  	4536.22	3.1    	9  	1  	0.759386
104	157   	187.388	23102.5    	0  	1643.23	3.11667	9  	1  	0.665624
105	154   	71.2301	5260.5     	0  	364.761	3.12667	8  	1  	0.76417 
106	156   	110.245	16435      	0  	966.895	3.17667	9  	2  	0.77811 
107	161   	48.1325	798        	0  	158.437	3.13   	9  	1  	0.748176
108	170   	37.9611	2338       	0  	183.466	3.12   	8  	1  	0.701617
109	180   	121.966	16435      	0  	982.35 	3.13333	9  	1  	0.837987
110	183   	126.812	16435      	0  	1010.78	3.09333	8  	1  	0.6668  
111	173   	3511.69	1.03521e+06	0  	59665.4	3.11   	8  	1  	0.641275
112	174   	117.996	16435      	0  	974.286	3.17   	9  	1  	0.938669
113	175   	116.265	16435      	0  	976.409	3.09667	8  	1  	0.698085
114	173   	168.045	23102.5    	0  	1378.34	3.16   	9  	1  	0.938652
115	160   	94.7837	16435      	0  	959.854	3.09   	9  	1  	0.731596
116	176   	121.695	16435      	0  	1009.72	3.13   	9  	1  	0.909084
117	150   	93.1114	10936.5    	0  	684.642	3.09   	9  	1  	0.74514 
118	177   	47.6818	2338       	0  	200.048	3.13333	8  	1  	0.62361 
119	152   	75.4915	2338       	0  	230.864	3.14667	8  	1  	0.747321
120	167   	196.44 	39944.5    	0  	2311.22	3.14333	9  	1  	0.801741
121	157   	47.13  	2338       	0  	198.829	3.16667	9  	1  	0.901234
122	162   	64.8156	2747.5     	0  	297.091	3.10667	9  	1  	0.699015
123	174   	46.4516	5260.5     	0  	328.097	3.11333	8  	2  	0.638087
124	141   	120.543	16435      	0  	995.895	3.13667	9  	1  	0.710391
125	167   	249.207	39944.5    	0  	2494.78	3.14333	8  	1  	0.754623
126	185   	54.7779	2338       	0  	204.63 	3.07   	9  	1  	0.705998
127	158   	101.129	16435      	0  	957.645	3.12333	11 	1  	0.8415  
128	178   	133.636	16965.8    	0  	1010.16	3.33333	11 	1  	1.21198 
129	175   	53.715 	1963.5     	0  	194.131	3.06   	9  	1  	0.665633
130	158   	78.399 	2341.23    	0  	246.635	3.20667	11 	1  	1.04752 
131	156   	135.622	16435      	0  	996.157	3.09667	9  	1  	0.762008
132	173   	73.0786	2987.03    	0  	302.434	3.13333	8  	1  	0.736357
133	159   	186.021	30939      	0  	1807.79	3.2    	9  	1  	0.95219 
134	169   	121.185	16435      	0  	977.537	3.17667	8  	1  	0.77811 
135	171   	88.6107	16435      	0  	966.108	3.07333	8  	1  	0.578465
136	158   	479.967	78490.5    	0  	4945.25	3.21667	10 	2  	0.932589
137	154   	110.104	16435      	0  	965.676	3.14333	9  	1  	0.869553
138	158   	184    	39944.5    	0  	2307.97	3.16667	9  	1  	0.795124
139	165   	46.4087	2338       	0  	197.072	3.16   	9  	1  	0.902441
140	151   	65.4913	2338       	0  	304.32 	3.15   	9  	1  	0.775134
141	147   	107.741	16435      	0  	961.278	3.17333	9  	1  	0.885036
142	157   	71.5514	4690       	0  	375.706	3.16667	9  	1  	0.773879
143	177   	231.646	30939      	0  	2034.08	3.21667	9  	1  	0.967672
144	163   	154.499	30939      	0  	1791.67	3.19333	8  	1  	0.767652
145	181   	330.078	30939      	0  	2461.1 	3.24667	9  	1  	1.00953 
146	160   	73.4674	2338       	0  	278.405	3.15   	8  	1  	0.779423
147	172   	132.319	16435      	0  	1029.36	3.11667	9  	1  	0.680482
148	168   	64.9521	2747.5     	0  	307.793	3.10333	8  	1  	0.701894
149	173   	68.4167	5866       	0  	374.186	3.09   	9  	1  	0.708449
150	171   	3609.22	1.03521e+06	0  	59686.3	3.12333	8  	1  	0.762532
151	151   	55.1926	2338       	0  	227.526	3.10667	8  	1  	0.607143
152	160   	167.875	17425.5    	0  	1389.67	3.22667	9  	1  	1.02402 
153	153   	115.018	16435      	0  	974.096	3.13333	9  	1  	0.81377 
154	174   	127.008	10936.5    	0  	731.948	3.18667	9  	1  	1.07323 
155	169   	124.093	16435      	0  	976.139	3.12   	9  	1  	0.878787
156	180   	75.2473	2338       	0  	325.77 	3.12   	8  	1  	0.682349
157	174   	54.2517	2338       	0  	237.876	3.07667	7  	1  	0.487294
158	162   	120.157	5767.68    	0  	478.86 	3.31   	10 	1  	1.1607  
159	148   	42.7805	2338       	0  	197.218	3.1    	8  	1  	0.6245  
160	149   	119.245	16435      	0  	983.423	3.14333	9  	2  	0.634657
161	192   	174.522	30939      	0  	1809.74	3.24   	9  	1  	0.917824
162	180   	489.163	30939      	0  	3181.33	3.35   	13 	2  	1.2114  
163	164   	69.9932	2338       	0  	254.376	3.14   	8  	1  	0.730571
164	156   	202.504	16435      	0  	1637.46	3.28667	9  	1  	1.10657 
165	172   	63.3203	2747.5     	0  	282.442	3.20333	9  	1  	0.775879
166	155   	180.134	16435      	0  	1359.62	3.16667	9  	1  	0.859586
167	177   	238.279	16435      	0  	1651.82	3.20667	9  	1  	0.90404 
168	172   	4339.13	1.25873e+06	0  	72565.4	3.20667	9  	1  	0.88164 
169	149   	75.7622	2338       	0  	268.957	3.13333	9  	1  	0.821922
170	190   	260.507	30939      	0  	2225.38	3.16667	9  	1  	0.738617
171	157   	55.0464	2747.5     	0  	223.919	3.12   	9  	1  	0.72037 
172	172   	118.504	16435      	0  	978.839	3.15   	9  	1  	0.821077
173	161   	138.628	16435      	0  	998.93 	3.18667	9  	1  	0.827741
174	142   	47.1259	841        	0  	162.599	3.15333	9  	1  	0.70462 
175	171   	243.171	54158.5    	0  	3130.75	3.21333	9  	1  	0.98378 
176	167   	98.4455	2671.5     	0  	360.403	3.28333	9  	1  	0.907224
177	161   	120.341	16435      	0  	976.052	3.19667	11 	1  	0.882037
178	173   	95.6541	5260.5     	0  	401.954	3.18   	9  	1  	0.956173
179	164   	49.309 	2338       	0  	220.877	3.1    	9  	1  	0.750555
180	180   	53.4375	2338       	0  	205.881	3.14333	9  	1  	0.727637
181	178   	104.259	2680.25    	0  	363.943	3.18   	7  	1  	0.757804
182	149   	75.6986	2341.23    	0  	332.416	3.2    	9  	1  	0.832666
183	152   	81.3602	5260.5     	0  	427.599	3.23   	9  	1  	0.974902
184	155   	56.7372	2338       	0  	244.85 	3.12333	8  	1  	0.584342
185	187   	151.217	16435      	0  	1031.33	3.20667	9  	1  	0.88164 
186	149   	79.7697	2338       	0  	298.183	3.16333	9  	1  	0.772435
187	165   	134.931	16435      	0  	1013.22	3.19667	9  	1  	0.885808
188	171   	42.1806	798        	0  	156.97 	3.22667	9  	3  	0.876711
189	159   	215.908	16435      	0  	1642.04	3.27667	9  	1  	1.07399 
190	157   	55.4017	2338       	0  	203.397	3.23   	9  	1  	0.998549
191	171   	4659.68	1.36564e+06	0  	78713.7	3.31667	9  	1  	1.17035 
192	166   	48.8988	1963.5     	0  	186.302	3.28667	14 	1  	1.34083 
193	169   	51.6681	2338       	0  	233.623	3.26333	9  	1  	1.01357 
194	162   	187.263	39944.5    	0  	2308.84	3.18667	9  	1  	0.794872
195	163   	67.0984	2747.5     	0  	258.342	3.19333	9  	1  	0.873282
196	161   	3572.04	1.03521e+06	0  	59669.3	3.22667	8  	1  	0.888044
197	158   	104.292	16435      	0  	957.99 	3.13667	9  	1  	0.764628
198	165   	67.5878	2338       	0  	234.137	3.10667	8  	1  	0.736176
199	151   	61.8501	2338       	0  	260.206	3.17667	9  	1  	0.859528
200	171   	121.489	16435      	0  	977.324	3.18667	8  	1  	0.855466
--------------------------------------------------------------------------------

Best individual:
Required sequence: 0, 1, 4, 9, 16, 25, 36, 49, 64, 81, 100, 121, 144
Actual sequence:   0, 1, 4, 9, 16, 25, 36, 49, 64, 81, 100, 121, 144


Best algorithm: mul(n, n)

Success!