   	      	                      fitness                      	              size             
   	      	---------------------------------------------------	-------------------------------
gen	nevals	avg    	max        	min     	std        	avg    	max	min	std    
0  	300   	179.154	5995.88    	2.625   	365.349    	3.44333	7  	2  	1.38328
1  	168   	107.335	3032.88    	2.625   	179.333    	3.39   	8  	1  	1.30047
2  	151   	74.4576	1965.62    	2.625   	125.724    	3.55333	11 	1  	1.33435
3  	155   	49.9012	1948.51    	2.59018 	126.409    	3.83333	11 	1  	1.62447
4  	167   	28.8468	1245.38    	2.59018 	90.1752    	3.92   	11 	1  	1.46751
5  	156   	15.1385	267.625    	1.9729  	28.5325    	4.13   	12 	1  	1.59366
6  	153   	19.2931	719.875    	1.9729  	54.8912    	4.65667	11 	1  	1.72205
7  	165   	28.2552	761.625    	1.83552 	65.0695    	5.12333	13 	1  	1.70337
8  	165   	33.1922	1974.94    	1.9729  	141.446    	5.55   	13 	1  	1.90285
9  	158   	25.1681	1192.12    	1.85903 	90.8442    	5.89667	15 	1  	1.98309
10 	135   	37.1274	3048.57    	1.68734 	202.848    	6.56   	13 	1  	1.96801
11 	151   	33.2973	1192.12    	1.68734 	122.944    	7.18667	13 	1  	1.83262
12 	161   	47.974 	1057.38    	1.53184 	178.746    	7.86333	16 	3  	1.81604
13 	174   	36.8195	1057.38    	1.57815 	149.182    	8.35333	15 	1  	2.0628 
14 	151   	89.4359	16495      	1.53184 	960.199    	8.77667	19 	1  	2.43313
15 	178   	90.2591	16459.2    	1.52725 	954.926    	9.67333	18 	1  	2.94391
16 	145   	24.7052	1179.08    	1.22142 	111.637    	10.46  	19 	1  	2.89857
17 	164   	76.1374	16222.6    	1.22142 	937.357    	11.16  	22 	1  	2.91337
18 	147   	38.9105	1497.99    	1.22142 	162.8      	11.9167	26 	1  	3.2326 
19 	162   	185.039	16459.2    	1.22142 	1626.35    	12.46  	21 	2  	2.98022
20 	161   	30.4885	1033.8     	1.22142 	127.387    	13.24  	25 	4  	3.12662
21 	154   	18.1912	1049.49    	1.22142 	97.3064    	13.77  	27 	1  	3.61899
22 	177   	30.4023	1049.49    	1.22142 	129.846    	14.34  	30 	4  	3.64203
23 	163   	91.6447	16387      	1.22142 	953.734    	15.0433	37 	1  	4.10708
24 	184   	71.007 	16550      	1.22055 	956.943    	15.27  	31 	1  	3.88121
25 	166   	301.941	16570.9    	1.22055 	2098.88    	15.3433	30 	3  	4.05694
26 	145   	75.6491	16298.3    	1.22055 	946.782    	15.4867	30 	6  	3.246  
27 	162   	297.247	16459.2    	1.22142 	2095.87    	15.87  	29 	1  	3.55712
28 	156   	70.7633	16372.4    	1.22142 	945.602    	16.21  	36 	1  	3.71473
29 	151   	137.84 	16409.8    	1.22142 	1334.24    	16.5   	31 	6  	3.52562
30 	160   	231.027	16570.9    	1.22142 	1886.69    	16.4733	28 	1  	3.67096
31 	201   	351.437	16570.9    	1.22142 	2299.03    	16.7333	33 	4  	3.90327
32 	153   	402.762	16372.4    	0.981132	2462.02    	17.0267	33 	1  	3.95971
33 	173   	302.897	16459.2    	1.22142 	2090.8     	17.0567	32 	1  	4.35279
34 	179   	194.341	16459.2    	1.22142 	1629.76    	17.3167	36 	3  	4.26807
35 	189   	351.396	16372.4    	1.21239 	2285.6     	17.7033	32 	1  	4.57915
36 	168   	405.655	16459.2    	1.22142 	2471.97    	17.9433	33 	6  	4.62026
37 	165   	742.709	53332.6    	1.22142 	4230.52    	17.8433	39 	3  	4.63883
38 	156   	461.184	16372.4    	0.927125	2631.3     	18.23  	39 	4  	4.30083
39 	142   	387.381	26129      	0.927125	2574.54    	17.8433	42 	1  	4.90498
40 	144   	1036.6 	207183     	0.927125	12146.2    	18.6533	42 	3  	5.61781
41 	182   	448.493	16570.9    	0.927125	2534.35    	19.1533	46 	2  	6.32639
42 	150   	571.275	16570.9    	0.927125	2953.02    	19.77  	49 	3  	7.20674
43 	173   	491.272	73976.6    	0.832116	4647.96    	20.83  	39 	7  	6.92588
44 	160   	124.586	16504.6    	0.529645	1342.87    	21.16  	44 	1  	7.78381
45 	168   	233.949	16570.9    	0.529645	1881.2     	23.4867	46 	1  	8.97904
46 	154   	161144 	4.82359e+07	0.529645	2.78024e+06	26.77  	61 	3  	9.6307 
47 	162   	1696.1 	207146     	0.529645	17038.6    	28.7733	71 	8  	10.3235
48 	142   	1566.54	209900     	0.529645	16939.1    	30.97  	60 	7  	9.05626
49 	156   	2348.49	209818     	0.529645	20723.2    	33.4333	64 	1  	9.33911
50 	166   	3726.3 	207362     	0.529645	26584.4    	34.4733	63 	1  	10.2799
51 	163   	884.298	204524     	0.529645	12007.4    	34.9533	69 	8  	9.26883
52 	182   	286.64 	16568.3    	0.529645	2098.2     	35.3467	69 	9  	9.14985
53 	184   	213.44 	29102.5    	0.529645	2140.86    	35.9833	66 	1  	9.80084
54 	157   	765.113	209986     	0.529645	12137.2    	36.8333	69 	8  	9.17164
55 	176   	1693.66	207146     	0.529645	16942      	37.1733	68 	1  	8.45084
56 	194   	1701.96	204605     	0.529645	15550.5    	37.4333	68 	3  	9.8132 
57 	172   	895.13 	263940     	0.529645	15213.7    	38.26  	82 	3  	10.214 
58 	167   	1485.8 	206891     	0.529645	16815.5    	39.1367	70 	9  	10.6238
59 	165   	407.447	28422      	0.529645	3114.56    	41.3933	75 	5  	9.71006
60 	170   	4337.69	864352     	0.529645	52558      	41.8   	75 	9  	8.94949
61 	161   	963.647	204605     	0.335937	11962.7    	42.62  	79 	5  	9.17146
62 	158   	169.621	29853.4    	0.335937	1962.94    	42.8867	85 	10 	9.2416 
63 	171   	229.294	29857.6    	0.335937	2175.22    	43.1133	73 	3  	10.2372
64 	188   	898.924	204605     	0.335937	11966.5    	44.0133	73 	15 	8.87279
65 	157   	174.615	16560.1    	0.335937	1639.3     	45.14  	73 	13 	9.25169
66 	173   	869.724	207102     	0.335937	12037.9    	45.0267	99 	13 	10.0955
67 	168   	338.411	16579.7    	0.335937	2306.12    	45.48  	99 	15 	10.2903
68 	160   	304.577	28426      	0.137275	2669.64    	46.7467	85 	20 	9.8544 
69 	181   	1410.96	209818     	0.335937	16942.2    	47.9233	101	2  	13.3862
70 	177   	2233.4 	207146     	0.201914	20585      	50.2067	97 	16 	14.5953
71 	178   	932.519	204605     	0.137275	12036.6    	53.44  	97 	11 	15.9229
72 	167   	220.79 	29112.2    	0.137275	2139.94    	57.52  	100	20 	15.7992
73 	156   	167.072	16794.4    	0.137275	1648.47    	63.51  	115	18 	15.0578
74 	154   	107.768	29034.1    	0.137275	1675.12    	65.9233	99 	1  	14.5301
75 	159   	10.9146	1042.14    	0.137275	88.218     	69.3833	102	30 	10.7395
76 	152   	762.655	206980     	0.137275	11964.2    	69.4033	97 	25 	10.617 
77 	146   	62.6524	16455.4    	0.137275	950.625    	69.91  	95 	3  	10.5345
78 	154   	781.311	206556     	0.137275	12005.4    	70.75  	111	31 	10.7279
79 	180   	856.095	206604     	0.137275	12060.3    	70.6233	109	1  	12.8445
80 	161   	163.213	28938.1    	0.137275	1941.48    	71.7167	130	2  	14.6158
81 	154   	966.822	204430     	0.137275	12397.8    	75.09  	101	30 	12.2791
82 	172   	155.192	28316.8    	0.137275	1890.1     	76.95  	111	16 	13.6916
83 	154   	61.9615	16482.3    	0.137275	952.443    	78.09  	110	29 	11.4695
84 	176   	6.95841	784.624    	0.137275	63.5634    	76.1533	111	32 	11.1225
85 	150   	208.415	28336.5    	0.137275	2102.96    	74.0833	109	6  	9.77257
86 	153   	121.678	16573.6    	0.137275	1347.86    	72.4   	97 	6  	9.66299
87 	176   	753.195	206891     	0.137275	11958.7    	71.22  	102	30 	9.9819 
88 	158   	860.495	204430     	0.137275	11887.6    	70.2933	98 	6  	9.65232
89 	173   	748.911	204430     	0.137275	11818.2    	70.13  	102	31 	10.0942
90 	181   	967.27 	206715     	0.137275	12125.1    	69.5767	102	6  	10.6507
91 	160   	1437.19	207146     	0.137275	16769      	70.05  	97 	27 	9.1006 
92 	170   	171.997	17070      	0.137275	1662.54    	69.6867	98 	1  	12.0115
93 	159   	323.753	28336.5    	0.137275	2490.96    	68.91  	98 	6  	11.1374
94 	186   	119.091	17401.7    	0.137275	1383.72    	69.8533	100	2  	10.9589
95 	161   	60.5053	16431.8    	0.137275	948.763    	69.96  	112	8  	10.8777
96 	160   	11.2926	1857.35    	0.137275	115.871    	69.8167	111	3  	10.4535
97 	173   	2508.43	732643     	0.137275	42235.7    	69.8967	100	3  	9.62736
98 	165   	72.0379	17348.2    	0.137275	1004.77    	69.4333	100	1  	10.1777
99 	146   	10.2734	1071.88    	0.137275	95.6579    	69.9867	97 	23 	9.53344
100	153   	287.12 	17417      	0.137275	2133.65    	70.0567	103	3  	10.716 
101	154   	270.045	28339.3    	0.137275	2322.34    	70.3633	98 	30 	8.35372
102	162   	58.5608	16248.5    	0.137275	937.327    	70.35  	99 	30 	8.87548
103	178   	157.039	16431.8    	0.137275	1452.91    	68.39  	100	3  	11.6484
104	168   	227.522	28379.4    	0.137275	2249.18    	69.3567	102	8  	10.9524
105	171   	742.345	204350     	0.137275	11813.3    	69.42  	112	4  	11.6458
106	173   	901.528	206891     	0.137275	12098.1    	70.45  	118	30 	10.9014
107	165   	840.677	204395     	0.137275	11929.4    	69.54  	110	32 	10.2828
108	162   	113.845	29112.2    	0.137275	1680.44    	69.1933	112	1  	13.2907
109	169   	6580.59	1.73379e+06	0.137275	100587     	70.48  	112	4  	11.4643
110	178   	347.485	58207.5    	0.137275	3858.83    	69.5933	114	30 	9.9278 
111	159   	114.168	16741.9    	0.137275	1356.41    	69.55  	97 	30 	9.94087
112	170   	320.085	56246.2    	0.137275	3504.85    	69.7267	99 	4  	10.6483
113	166   	117.699	16573.6    	0.137275	1346.15    	70.1767	99 	21 	10.0505
114	148   	7.49053	1011.15    	0.137275	73.9101    	69.97  	110	19 	9.14125
115	167   	74.0312	16598.3    	0.137275	963.303    	69.0833	103	1  	11.4503
116	154   	20801  	5.98913e+06	0.137275	345363     	70.42  	105	30 	9.47296
117	163   	10.5806	1144.96    	0.137275	93.5734    	68.6567	101	1  	11.3237
118	170   	102.325	29112.2    	0.137275	1678.79    	69.9933	99 	23 	9.81937
119	144   	176.785	16790.8    	0.137275	1651.5     	69.7033	110	31 	9.28127
120	166   	837.636	204350     	0.137275	11925.2    	69.2633	111	30 	10.1259
121	173   	7.06365	1046.32    	0.137275	75.2415    	69.96  	95 	45 	8.19868
122	164   	945.453	204274     	0.137275	12096      	69.9567	93 	10 	9.878  
123	169   	338.728	36958.7    	0.137275	3033.2     	69.8567	110	19 	10.2977
124	146   	150.686	28348.3    	0.137275	1880.48    	69.4533	112	1  	11.5603
125	164   	150.672	28268      	0.137275	1882.36    	69.3433	112	8  	10.2991
126	169   	219.846	29853.4    	0.137275	2176.54    	70.9733	99 	32 	8.33942
127	181   	180.062	16622      	0.137275	1653.85    	70.1133	100	30 	9.47244
128	168   	413.419	28947.5    	0.137275	3183.95    	69.4133	112	3  	11.9299
129	168   	15.0656	3716.41    	0.137275	216.077    	69.6233	101	30 	9.65651
130	147   	756.486	207146     	0.137275	11974.3    	70.5333	101	30 	9.28739
131	158   	164.586	29034.1    	0.137275	1936.08    	71.0367	97 	6  	9.75749
132	194   	83783.2	2.49095e+07	0.137275	1.43575e+06	70.5967	112	35 	10.3621
133	182   	803.843	204288     	0.137275	11843.9    	68.81  	110	3  	12.0195
134	157   	908.961	206715     	0.137275	12095.2    	69.44  	104	21 	10.6973
135	162   	258.146	29112.2    	0.137275	2537.6     	69.61  	97 	3  	10.4322
136	176   	121.647	16359.8    	0.137275	1328.99    	70.02  	103	3  	10.7197
137	165   	1510.23	209818     	0.137275	16991.4    	70.4   	101	6  	11.6956
138	165   	804.039	207146     	0.137275	12006.6    	69.6633	105	29 	10.7097
139	186   	896.851	204430     	0.137275	11960.9    	70.4533	100	22 	9.143  
140	158   	165.291	16598.3    	0.137275	1635.02    	69.19  	103	22 	10.348 
141	165   	430.208	29112.2    	0.137275	3031.18    	69.45  	114	8  	11.7505
142	168   	158.06 	29034.1    	0.137275	1925.61    	71.0967	99 	4  	9.3613 
143	174   	743.176	204430     	0.137275	11821.9    	70.9833	101	24 	9.91445
144	176   	104.047	29112.2    	0.137275	1678.68    	70.4667	109	22 	11.2355
145	157   	6.56765	784.624    	0.137275	64.1823    	70.9   	97 	27 	9.04268
146	172   	4.3251 	776.06     	0.137275	45.6577    	70.9967	107	3  	10.4453
147	174   	121.656	17348.2    	0.137275	1369.38    	71.0333	100	7  	10.3411
148	163   	71.6339	16482.3    	0.137275	955.913    	70.83  	122	1  	11.5808
149	150   	1382.36	210019     	0.137275	16858.5    	70.99  	97 	5  	10.5573
150	151   	159.157	28983.4    	0.137275	1919.98    	71.3533	109	2  	10.9436
151	155   	160.328	28339.3    	0.137275	1884.61    	71.1033	106	27 	10.4041
152	162   	707.22 	206715     	0.137275	11914.3    	71.1733	101	24 	11.0355
153	170   	118.125	16431.8    	0.137275	1338.7     	71.8933	113	30 	10.9183
154	145   	8.95276	1046.32    	0.137275	75.875     	72.0233	102	1  	11.1989
155	180   	1004.44	204274     	0.137275	12063.3    	71.5033	122	26 	10.9086
156	162   	115.242	16340.9    	0.137275	1326.92    	70.7733	107	23 	10.7692
157	155   	225.755	16573.6    	0.137275	1876.91    	70.2367	101	32 	10.4942
158	162   	287.084	29853.4    	0.137275	2374.69    	70.0867	101	23 	11.1889
159	167   	904.467	207146     	0.137275	12113      	70.0167	97 	1  	11.2761
160	165   	111.964	28422      	0.137275	1641.07    	68.98  	118	30 	11.844 
161	149   	117.622	16573.6    	0.137275	1346.19    	70.6967	118	26 	10.6043
162	150   	70.0018	16539.7    	0.137275	958.541    	71.4567	107	32 	10.5256
163	169   	103.954	28947.5    	0.137275	1668.89    	70.2833	98 	27 	10.8466
164	150   	859.341	207146     	0.137275	12085.3    	71.5067	105	30 	10.3677
165	174   	285.177	17070      	0.137275	2125.36    	70.7133	106	1  	11.9042
166	184   	803.644	204274     	0.137275	11844.1    	72.2   	105	2  	11.3105
167	162   	117.812	16622      	0.137275	1348.67    	73.0233	106	32 	10.1198
168	176   	1440.53	209818     	0.137275	16875.3    	72.8767	107	30 	11.0912
169	183   	64.5478	16485.1    	0.137275	952.831    	72.9733	120	20 	12.4241
170	164   	284.623	16622      	0.137275	2114.83    	73.38  	115	1  	12.6413
171	160   	5792.42	1.7333e+06 	0.137275	99904.3    	73.6933	117	30 	11.0613
172	169   	2123.94	207146     	0.137275	20525.8    	73.2933	109	5  	11.8164
173	176   	845.521	207187     	0.137275	12086.1    	72.8967	109	1  	12.062 
174	172   	10.9901	1050.47    	0.137275	88.7643    	72.9933	103	2  	10.9118
175	157   	746.661	204430     	0.137275	11817.5    	72.8133	98 	1  	11.3489
176	171   	101.536	28339.3    	0.137275	1634.22    	72.7967	105	30 	10.9515
177	161   	60.2069	16482.3    	0.137275	950.294    	71.26  	112	2  	13.8907
178	143   	11.345 	1054.84    	0.137275	96.7036    	72.8167	102	25 	10.1254
179	162   	806.873	206715     	0.137275	11982.5    	71.0567	106	1  	12.8719
180	164   	748.509	204430     	0.137275	11817.5    	72.5033	106	30 	10.6644
181	141   	13.6141	1060.72    	0.137275	105.081    	72.8033	98 	15 	10.3755
182	194   	2223.64	206715     	0.137275	20462.7    	71.53  	99 	30 	10.9189
183	147   	697.816	206797     	0.137275	11919.2    	72.33  	105	30 	10.4097
184	156   	921.925	226574     	0.137275	13152.8    	71.78  	101	27 	10.5564
185	160   	40642.9	1.21744e+07	0.137275	701712     	71.9167	116	8  	11.053 
186	167   	158.781	29112.2    	0.137275	1926.02    	72.17  	106	32 	10.3106
187	156   	1746.59	206891     	0.137275	17033.7    	71.7167	107	27 	11.1024
188	159   	2239.95	210266     	0.137275	20708.7    	71.8367	104	1  	11.2631
189	157   	58.1427	16359.8    	0.137275	943.836    	71.3833	112	1  	11.2052
190	158   	316.151	29034.1    	0.137275	2704.88    	71.5833	99 	34 	9.59147
191	184   	958.468	206715     	0.137275	12127      	71.7067	115	36 	11.0966
192	171   	222.012	16549.9    	0.137275	1885.48    	71.1567	107	22 	10.5637
193	163   	704.618	204350     	0.137275	11778      	69.4433	101	30 	11.5986
194	151   	155.274	28336.5    	0.137275	1891.32    	70.21  	120	25 	11.7926
195	161   	898.348	206884     	0.137275	12098.1    	70.76  	98 	31 	9.48485
196	169   	712.492	206891     	0.137275	11924.4    	69.0667	107	1  	12.5465
197	161   	2122.61	206891     	0.137275	20509.3    	70.28  	116	16 	10.2996
198	159   	803.034	204274     	0.137275	11842.4    	69.8467	107	4  	12.2881
199	169   	254.178	28947.5    	0.137275	2512.54    	69.5667	97 	1  	10.4361
200	168   	112.05 	29853.4    	0.137275	1722.58    	68.52  	108	21 	11.502 
--------------------------------------------------------------------------------

Best individual:
Required sequence: 2, 3, 5, 7, 11, 13, 17, 19, 23, 29
Actual sequence:   2, 3, 5, 7, 11, 13, 16, 19, 17, 20


Best algorithm: add(add(add(add(n, cos(mul(1, protected_divide(protected_divide(mul(n, n), mul(n, n)), cos(mul(n, cos(mul(1, protected_divide(mul(mul(-1, n), n), cos(mul(n, n))))))))))), cos(mul(1, protected_divide(mul(n, n), cos(mul(n, n)))))), n), cos(mul(1, protected_divide(mul(1, protected_divide(mul(n, n), cos(mul(n, cos(mul(1, protected_divide(mul(n, n), cos(mul(n, n))))))))), cos(mul(n, n))))))

Failed!