   	      	                    fitness                    	              size             
   	      	-----------------------------------------------	-------------------------------
gen	nevals	avg    	max        	min      	std    	avg    	max	min	std    
0  	300   	3697.4 	7586.29    	1004.57  	614.75 	3.62333	7  	2  	1.49937
1  	159   	3356.91	4302.86    	129.143  	684.507	3.91   	9  	1  	1.64172
2  	182   	3076.22	10288      	129.143  	932.356	4.23667	12 	1  	1.86207
3  	166   	2689.31	10288      	129.143  	1235.5 	4.59   	11 	1  	1.97869
4  	162   	2112.51	11530.6    	129.143  	1270.72	5.01333	11 	1  	2.02151
5  	170   	1689.28	11125.7    	102.055  	1707.83	5.30667	11 	1  	2.06703
6  	155   	1533.86	16090.3    	34.2857  	2369.08	5.72333	15 	1  	2.18024
7  	177   	1261.49	69617.1    	34.2857  	4409.97	6.3    	15 	3  	2.15793
8  	146   	3260.19	346693     	34.2857  	21999.6	6.41333	13 	3  	2.07906
9  	146   	3821.93	409361     	34.2857  	31459.5	6.90333	15 	1  	2.40152
10 	184   	4679.49	834991     	34.2857  	49342.1	7.92333	19 	3  	2.6377 
11 	166   	3756.34	351538     	34.2857  	23734.7	8.35667	17 	1  	2.67509
12 	162   	5065.57	920911     	19.2857  	54044.1	8.98333	19 	1  	2.30428
13 	182   	1931.2 	69617.1    	19.2857  	7788.54	9.13667	17 	1  	2.42033
14 	179   	7829.99	812678     	19.2857  	57282.5	9.21667	16 	1  	2.15478
15 	151   	5137.83	812678     	19.2857  	51087.1	9.26333	19 	1  	2.31531
16 	175   	1162.38	29489.1    	19.2857  	3593.46	9.62667	20 	1  	2.39318
17 	174   	1832.07	190689     	19.2857  	11819.5	10.2333	17 	1  	2.48037
18 	160   	1002.89	38214.7    	18.023   	3464.44	10.6667	17 	1  	2.24697
19 	162   	955.288	21445.6    	18.023   	2838.89	10.9733	24 	1  	2.53889
20 	182   	1537.87	38214.7    	18.023   	4830.88	11.1333	25 	1  	2.95334
21 	158   	871.023	21445.6    	5.8761   	2218.42	11.2533	22 	2  	2.89064
22 	155   	2255.58	286020     	5.8761   	16946  	11.5433	24 	1  	3.00579
23 	169   	802.157	25243.3    	5.8761   	2315.58	11.4767	23 	1  	3.0204 
24 	170   	1228.04	59796.4    	5.8761   	4620.76	11.7467	24 	5  	3.16478
25 	169   	1054.15	21516.4    	5.8761   	3057.72	11.9733	24 	1  	3.51842
26 	163   	1420.15	43090.3    	5.8761   	4927.67	12.2967	24 	1  	3.41692
27 	165   	1263.3 	38214.7    	5.8761   	4670.15	12.8667	28 	3  	3.92881
28 	177   	1341.2 	66812.4    	5.8761   	5118.83	13.5133	27 	1  	4.56616
29 	181   	703.455	25243.3    	5.8761   	1874.57	14.6067	29 	2  	4.49948
30 	169   	1315.33	168534     	5.6565   	9896.84	15.7067	30 	1  	4.57026
31 	163   	502.669	15042.3    	3.39916  	1312.78	16.48  	34 	3  	4.43053
32 	155   	894.235	76787.4    	3.39916  	4872.29	16.44  	42 	1  	4.99931
33 	163   	1232.97	164774     	5.65555  	9797.27	16.24  	42 	1  	4.63994
34 	166   	610.911	18421      	5.58741  	2063.98	16.3733	32 	4  	4.73786
35 	161   	697.331	26194.4    	3.39916  	2769.86	16.2233	34 	1  	4.86143
36 	151   	372.562	10172.4    	3.39916  	1164.72	16.4233	32 	5  	4.62574
37 	160   	1081.03	155638     	3.39916  	9177.61	16.7067	41 	2  	5.50823
38 	155   	587.162	18481.7    	3.11637  	2035.57	17.6433	33 	1  	5.43901
39 	164   	731.414	38418.2    	2.79618  	2927.79	19.0133	44 	5  	6.70322
40 	162   	602.598	32325.7    	2.02891  	2626.03	20.0567	46 	5  	6.75328
41 	163   	1087.54	160710     	2.02891  	9478.07	21.82  	51 	2  	7.2788 
42 	159   	367.331	13508.8    	2.02891  	1208.07	22.9733	53 	1  	7.58371
43 	162   	528.412	21930.5    	2.02891  	1789.5 	23.4933	46 	3  	7.88691
44 	167   	679.376	39763.2    	2.02891  	2825.46	23.1367	50 	1  	8.67052
45 	147   	508.195	39407.7    	2.02891  	2650.64	23.5567	50 	2  	7.75286
46 	177   	503.918	23304.3    	2.02891  	2105.94	24.1333	53 	1  	8.93396
47 	163   	398.755	14817      	2.02891  	1274.93	25.32  	54 	1  	9.59154
48 	168   	272.045	21643      	2.02891  	1386.58	27.0667	69 	1  	9.42809
49 	155   	509.109	22189.9    	2.02891  	2188.54	28.42  	60 	2  	9.80358
50 	177   	576.228	63902      	2.02891  	4039.59	29.95  	63 	5  	9.77109
51 	158   	369.831	18578.6    	2.02891  	1554.13	29.9933	57 	2  	9.35735
52 	175   	488.09 	38930.4    	2.02891  	2546.19	31.2333	61 	1  	9.61486
53 	160   	500.566	76407.6    	2.02891  	4456.46	31.2867	60 	3  	9.31546
54 	196   	783.398	43776.1    	1.93186  	4380.46	31.43  	61 	5  	8.654  
55 	168   	365.261	17860.2    	1.93186  	1574.39	31.5567	65 	5  	8.99148
56 	170   	680.338	38930.4    	1.62725  	3717.93	31.4933	59 	5  	8.38669
57 	185   	617.675	38930.4    	1.62321  	3602.91	31.74  	58 	1  	9.41802
58 	164   	461.186	40368      	1.62321  	2884.58	32.89  	59 	5  	8.69624
59 	166   	406.638	39102.3    	1.55126  	2428.13	32.5367	73 	3  	9.84151
60 	156   	541.367	41375.3    	1.55126  	3280.97	34.4933	67 	5  	10.0729
61 	172   	323.643	18461.1    	1.53746  	1626.73	37.16  	77 	5  	12.1214
62 	191   	487.674	38930.4    	1.53746  	2848.04	39.67  	71 	1  	12.33  
63 	181   	223.289	19972.6    	1.53746  	1318.15	40.8233	93 	3  	12.5825
64 	178   	443.643	20780.3    	1.48634  	2114.33	43.3067	79 	5  	11.7516
65 	173   	415.262	39969.1    	1.48634  	2744.21	44.45  	86 	5  	12.7101
66 	166   	396.908	22484      	1.48634  	2156.72	44.0633	89 	1  	13.5632
67 	150   	246.421	19053.7    	1.48634  	1329.36	43.48  	89 	5  	11.6483
68 	163   	521.235	40915      	1.48634  	2900.05	44.43  	83 	3  	10.4259
69 	153   	309.396	40904.2    	1.4733   	2464.72	44.04  	66 	3  	10.0412
70 	170   	330.122	49213.6    	1.4733   	2910.46	43.6633	79 	5  	11.6666
71 	184   	250.386	13396.9    	1.4733   	1067.05	43.5733	88 	5  	13.1232
72 	178   	348.219	23389.2    	1.45258  	2175.05	44.8867	86 	2  	12.3426
73 	162   	320.562	40861.9    	1.4733   	2625.46	45.4933	88 	2  	10.9953
74 	175   	452.653	39280.3    	1.4733   	2631.29	45.7033	88 	5  	12.2451
75 	178   	3722.91	1.03486e+06	0.6648   	59680.1	46.5033	90 	5  	12.1679
76 	164   	281.278	40877.6    	1.4733   	2414.47	47.2167	88 	5  	10.915 
77 	173   	225.441	22782.2    	1.46988  	1456.63	46.65  	83 	3  	11.6092
78 	153   	184.309	9490.29    	1.46988  	884.083	47.1467	63 	7  	8.6863 
79 	158   	268.374	18222.3    	1.46988  	1330.34	47.0167	88 	1  	10.4417
80 	158   	405.391	40071      	1.46988  	2799.89	45.3967	81 	7  	11.0384
81 	151   	213.945	18162.1    	1.46988  	1291.8 	45.41  	89 	2  	11.9444
82 	166   	474.269	40881.7    	1.46988  	3119.43	45.06  	91 	3  	13.0472
83 	150   	160.504	6614.2     	1.46988  	746.875	47.2233	97 	3  	10.9377
84 	142   	106.91 	4256.3     	1.30814  	538.449	47.0833	98 	7  	10.0018
85 	192   	644.769	91840.5    	1.30814  	5601.74	46.4133	104	2  	13.4767
86 	173   	202.979	7608.36    	1.30307  	847.508	47.0667	82 	5  	10.4996
87 	174   	178.312	5408.68    	0.630643 	669.249	46.5933	90 	5  	12.7164
88 	174   	148.048	18689.9    	0.630643 	1148.9 	49.9   	90 	5  	11.0135
89 	171   	1214.86	281741     	0.630643 	16404.8	49.8067	92 	5  	13.6317
90 	139   	264.632	39131.2    	0.630643 	2502.75	52.4733	111	5  	13.2774
91 	190   	972.813	166180     	0.630643 	9993.19	53.9867	108	1  	13.6643
92 	143   	236.547	23908      	0.630643 	1559.82	55.15  	102	2  	13.8227
93 	175   	293.669	40485.7    	0.630643 	2698.8 	56.4767	115	7  	13.7689
94 	182   	169.272	25088.1    	0.630643 	1504.3 	56.1567	119	5  	13.7275
95 	169   	159.184	18015.3    	0.528403 	1170.11	54.51  	103	7  	12.5678
96 	171   	294.029	22124.6    	0.528403 	1828.37	53.1667	93 	5  	12.7169
97 	148   	202.047	40980.4    	0.528403 	2374.19	53.5   	91 	5  	10.7233
98 	183   	198.777	5676.34    	0.528403 	777.598	52.5767	105	1  	12.3484
99 	159   	192.92 	23472.2    	0.528403 	1465.69	52.2867	96 	3  	10.8209
100	172   	151.048	5353.02    	0.528403 	656.449	52.0467	110	1  	13.0934
101	147   	319.484	23256.9    	0.528403 	2063.22	53.4433	106	1  	13.0958
102	151   	183.677	23472.2    	0.528403 	1589.45	54.6933	103	12 	11.604 
103	172   	135.006	4207.84    	0.497776 	605.85 	55.9267	104	3  	15.3537
104	150   	639.74 	166873     	0.497776 	9624   	58.7667	154	7  	14.8846
105	178   	128.746	5355.7     	0.446959 	638.29 	60.64  	108	10 	13.9742
106	165   	91.9464	3764.57    	0.446959 	441.164	62.3333	113	8  	15.674 
107	177   	238.667	18847.6    	0.446959 	1336.5 	63.3933	114	8  	14.3029
108	166   	148.352	5671.47    	0.354334 	649.039	64.7667	116	1  	16.1427
109	166   	128.343	5221.9     	0.393488 	617.14 	68.2533	119	3  	15.1606
110	134   	130.256	14199.6    	0.38159  	1000.86	70.0567	116	11 	14.6881
111	186   	139.349	23139.4    	0.393488 	1376.12	71.9867	108	10 	16.2308
112	171   	332.292	22920.8    	0.393488 	2196.81	73.57  	119	1  	17.3574
113	163   	136.518	7816.75    	0.393488 	706.199	72.69  	116	1  	19.9247
114	175   	226.548	23008.5    	0.322726 	1748.52	74.7133	114	2  	20.3332
115	191   	119.028	4163.08    	0.291146 	523.872	77.8167	146	2  	21.4581
116	157   	98.34  	7586.29    	0.322726 	617.07 	81.5633	120	1  	21.9785
117	173   	230.199	18998.8    	0.258343 	1595.85	86.48  	121	8  	19.6714
118	161   	163.777	18538.1    	0.187727 	1225.16	92.9   	157	17 	17.0893
119	160   	176.175	21426.5    	0.187727 	1403.44	96.5167	149	46 	12.5848
120	155   	202.795	22859.3    	0.187727 	1822.21	96.55  	147	36 	12.0089
121	164   	161.815	6659.34    	0.181363 	776.328	94.47  	136	6  	15.2235
122	173   	76.2184	5357.01    	0.143954 	464.169	94.2167	135	18 	15.0766
123	155   	159.174	18908.9    	0.167649 	1201.07	93.7633	149	32 	16.4343
124	183   	225.608	40724.2    	0.100446 	2406.7 	93.6533	125	1  	13.7872
125	174   	182.73 	18555.2    	0.129594 	1263.35	92.0533	153	32 	14.8316
126	162   	227.656	40724.2    	0.129594 	2413.26	89.5467	112	11 	12.6857
127	154   	56.482 	3346.91    	0.129594 	301.134	89.4033	154	32 	13.0538
128	169   	196.745	38967.9    	0.129594 	2284.59	89.1033	120	30 	11.2771
129	160   	104.937	5357.01    	0.129594 	538.079	87.4367	128	3  	14.2852
130	165   	65.0242	3764.57    	0.129594 	367.856	88.96  	139	4  	12.1613
131	171   	101.082	5381.59    	0.129594 	577.497	89.2167	119	1  	11.9123
132	181   	223.485	23207.4    	0.129594 	1774.5 	88.1167	119	35 	12.3999
133	167   	143.064	18058.4    	0.129594 	1166.3 	88.1367	110	25 	11.8422
134	159   	83.6073	7255.88    	0.129594 	588.965	88.72  	124	19 	11.5277
135	167   	33701.5	1.00749e+07	0.129594 	580697 	88.9867	116	37 	11.2059
136	166   	116.092	18105.5    	0.129594 	1120   	88.9267	138	39 	12.0428
137	182   	89.178 	7003.77    	0.129594 	542.684	87.69  	119	12 	13.3789
138	142   	90.102 	7255.88    	0.129594 	546.093	88.9367	122	35 	11.6158
139	143   	172.865	15693.3    	0.129594 	1098.55	88.8767	147	6  	12.0839
140	170   	97.2409	5382.19    	0.128588 	500.503	87.4633	121	35 	13.051 
141	184   	217.448	18105.5    	0.128588 	1561.79	88.5067	122	36 	11.5289
142	164   	45.8724	4707.16    	0.128588 	310.485	88.9067	124	35 	11.351 
143	160   	270.207	19822.6    	0.11917  	1967.7 	88.5   	118	37 	12.7555
144	174   	137.31 	6877.85    	0.129594 	723.852	88.8   	140	3  	13.0123
145	177   	158.244	19822.6    	0.129594 	1222.65	86.4833	122	3  	15.1031
146	160   	76.1425	4200.38    	0.0974061	452.586	88.7433	147	35 	11.7954
147	162   	76.0387	5347.26    	0.0974061	456.334	89.1533	139	16 	11.7057
148	154   	141.252	7255.88    	0.0974061	792.747	89.0733	137	37 	12.2082
149	180   	52.7183	3764.57    	0.0974061	336.259	89.0267	140	37 	12.5427
150	169   	171.829	17784.3    	0.0974061	1257.3 	89.8033	117	40 	10.2195
151	165   	282.456	48232.7    	0.0974061	2823.35	89.33  	143	5  	14.2104
152	161   	127.021	21874      	0.092844 	1304.89	89.1867	123	29 	11.8231
153	165   	85.8979	19822.6    	0.092844 	1161.69	90.5   	143	1  	14.1832
154	183   	117.576	19082      	0.0914789	1141.24	93.04  	138	39 	14.2075
155	149   	54.3464	3764.57    	0.0822259	316.874	94.91  	138	34 	15.0385
156	167   	241.408	38889.8    	0.081077 	2321.87	96.9433	143	2  	18.5235
157	165   	235.931	38889.8    	0.0758537	2522.73	101.527	142	37 	17.4796
158	158   	122.266	7760.31    	0.0758537	746.583	106.77 	161	35 	18.969 
159	154   	111.377	18488      	0.0758537	1123.24	109.67 	155	5  	21.0498
160	181   	99.2195	7257.31    	0.0711842	573.014	114.053	151	37 	17.919 
161	172   	79.9481	5384.1     	0.0711842	485.677	117.367	153	35 	16.2207
162	170   	31.4245	3764.57    	0.064163 	249.56 	118.523	167	35 	13.8741
163	152   	69.034 	5383.89    	0.064163 	445.388	118.21 	153	1  	15.1193
164	200   	79.8605	6677.13    	0.064163 	515.067	118.13 	153	34 	14.2728
165	156   	97.6199	19052.9    	0.064163 	1122.43	118.927	159	35 	15.5124
166	167   	122.814	18103.5    	0.064163 	1114.09	120.317	158	1  	15.4101
167	138   	52.7455	3951.46    	0.0551847	357.237	121.933	154	35 	12.1291
168	145   	107.471	19218.1    	0.0551847	1149.25	121.727	176	40 	14.8707
169	168   	92.3846	3804.85    	0.0551847	456.479	121.593	188	31 	15.98  
170	172   	139.605	19847.1    	0.0574325	1224.38	121.717	152	3  	16.0668
171	165   	132.676	16278.6    	0.0550833	1033.5 	121.05 	170	1  	17.2175
172	177   	113.086	14197.7    	0.0550833	898.045	122.463	178	33 	14.7825
173	165   	16.6923	627.804    	0.0530699	81.5716	123.107	150	35 	11.9692
174	173   	50.8392	5867.65    	0.052383 	457.378	122    	142	2  	14.0701
175	164   	88.9942	7533.68    	0.052383 	590.678	122.033	145	31 	15.1049
176	170   	153.724	25194.4    	0.0515722	1514.03	122.22 	174	29 	17.2866
177	152   	238.18 	38951.5    	0.0515722	2302.73	123.85 	154	31 	12.7007
178	165   	134.976	18552.7    	0.0472774	1192.02	122.27 	162	36 	15.9174
179	182   	57.0762	3867.75    	0.0472774	405.417	121.737	155	33 	17.7075
180	166   	126.077	17707.6    	0.0472774	1095.31	121.147	160	33 	16.4859
181	145   	55.6129	5182.2     	0.0416052	431.906	120.823	157	30 	14.9653
182	179   	259.926	21868.8    	0.0416052	2022.54	122.103	164	36 	12.0241
183	168   	118.139	4208.63    	0.0416052	575.632	119.423	192	3  	17.8435
184	177   	65.3736	4012.15    	0.0416052	423.712	122.323	149	37 	11.6864
185	158   	44.7741	3729.67    	0.0416052	351.789	122.667	157	33 	13.7437
186	160   	73.477 	3729.67    	0.0416052	383.856	122.577	214	32 	15.3492
187	154   	181.46 	21895.4    	0.0411378	1556.16	123.023	191	34 	13.4842
188	176   	158.959	18654.1    	0.0411378	1246.57	119.643	154	32 	17.5333
189	170   	219.735	38885.6    	0.0411378	2307.86	118.76 	174	2  	17.4156
190	162   	67.8751	5382.06    	0.0411378	472.727	118.557	167	32 	14.6438
191	169   	64.6305	4877.75    	0.0411378	363.63 	117.743	155	34 	14.7469
192	180   	107.991	3898.75    	0.0411378	518.136	116.53 	155	32 	15.124 
193	181   	96.5741	6877.73    	0.0393722	606.376	116.147	148	32 	14.1687
194	168   	190.733	18839.4    	0.0393722	1305.29	116.197	146	1  	14.6287
195	165   	197.696	38938.7    	0.0393722	2286   	115.35 	143	17 	14.8735
196	149   	196.791	22066      	0.0393722	1564.54	115.977	179	36 	11.8086
197	155   	42.367 	3764.57    	0.0393722	293.587	113.88 	146	3  	14.3073
198	158   	181.761	18821.6    	0.0391694	1428.87	113.857	142	32 	14.712 
199	172   	341.638	74363.8    	0.0375294	4327.3 	113.547	151	1  	16.6163
200	159   	77.6562	5210.93    	0.0375294	472.012	116.093	151	32 	13.8883
--------------------------------------------------------------------------------

Best individual:
Required sequence: 2, 8, 20, 28, 50, 82, 126
Actual sequence:   2, 8, 20, 28, 50, 82, 126


Best algorithm: mul(sub(n, cos(protected_divide(-1, add(n, sin(add(add(sub(n, cos(-1)), add(n, sin(sub(n, -1)))), sin(add(sin(add(n, n)), sin(sin(sin(n))))))))))), add(n, add(n, sub(add(add(n, sin(add(add(sub(n, cos(sin(add(add(sub(n, 1), add(n, add(n, sin(n)))), sin(add(n, n)))))), add(n, add(n, sin(n)))), sin(add(n, sin(add(add(sub(n, 1), add(n, add(n, sin(n)))), sin(sin(add(n, n)))))))))), sin(n)), cos(protected_divide(cos(n), add(add(n, sin(sub(n, add(sub(n, n), add(n, 1))))), sin(add(add(sub(n, cos(sin(add(n, n)))), n), sin(add(sin(add(n, n)), sin(sub(n, -1)))))))))))))

Success!