   	      	                fitness                	              size             
   	      	---------------------------------------	-------------------------------
gen	nevals	avg    	max    	min      	std    	avg    	max	min	std    
0  	300   	82.2977	3718.38	6.875    	286.369	3.84667	7  	2  	1.636  
1  	189   	44.2387	1138.38	6.875    	130.462	3.87667	9  	1  	1.67773
2  	164   	23.6185	828.625	6.875    	68.1392	4.29333	10 	1  	1.84588
3  	171   	31.9408	1918.06	6.875    	137.34 	4.33333	13 	1  	1.88208
4  	159   	41.3833	1658.31	6.875    	163.002	4.13   	17 	1  	1.98824
5  	194   	36.2083	1468.88	5.15549  	130.053	3.95   	11 	1  	1.69926
6  	166   	36.4748	1411.12	5.15549  	147.438	3.94   	14 	1  	1.66825
7  	179   	22.4453	1138.38	6.625    	90.0457	3.83667	11 	1  	1.45028
8  	176   	18.7975	621.847	6.53123  	37.674 	3.87333	12 	1  	1.48906
9  	158   	28.4398	1468.88	5.15549  	119.025	3.76667	11 	1  	1.49629
10 	178   	24.4396	1138.38	5.15549  	81.4151	4.11   	10 	1  	1.63235
11 	173   	16.5239	182.125	5.15549  	18.5232	4.35667	13 	1  	1.96879
12 	171   	20.5024	1097.19	4.51972  	66.0538	5.14   	14 	1  	2.43045
13 	161   	18.144 	752.275	4.51972  	45.1279	5.69   	17 	1  	2.62054
14 	145   	13.8074	119.178	4.51972  	14.6464	6.34   	16 	1  	2.76606
15 	172   	25.0199	828.625	4.48711  	91.5769	7.16667	18 	1  	2.84585
16 	176   	29.5785	1093.43	4.48711  	111.362	7.73333	18 	1  	3.08905
17 	164   	26.2804	941.276	3.5769   	105.004	8.24   	20 	1  	3.21077
18 	146   	34.892 	1394.49	3.54835  	147.497	9.09333	22 	1  	3.20176
19 	153   	21.8961	915.425	3.54835  	94.2025	9.65333	23 	1  	3.52701
20 	159   	14.5045	580.069	3.54835  	46.1899	10.58  	21 	3  	3.76168
21 	156   	27.0929	1606.08	3.3923   	123.909	11.54  	29 	2  	4.65063
22 	164   	24.7358	1164.2 	2.92355  	105.997	12.67  	29 	2  	4.83885
23 	144   	37.4703	1053.6 	2.92355  	135.615	13.8133	30 	2  	5.23181
24 	170   	13.0164	794.911	2.25924  	60.0507	14.7167	48 	1  	5.43413
25 	158   	22.8942	1468.88	2.25924  	119.781	15.2933	33 	1  	5.45411
26 	155   	283.106	75144.8	2.72884  	4331.37	16.09  	35 	2  	5.90891
27 	159   	61.4301	5931.62	1.9437   	382.194	15.9233	34 	1  	6.44651
28 	165   	61.0643	5837.16	2.02461  	374.155	16.7067	40 	1  	7.19171
29 	159   	35.3887	1110.91	1.83863  	154.454	18.6767	45 	3  	7.88408
30 	185   	434.458	71508.1	1.83863  	4889.13	21.0667	48 	1  	8.63957
31 	158   	30.7936	1463.63	1.83863  	152.634	23.9233	60 	2  	9.96648
32 	163   	447.156	62154.5	1.83863  	5057.25	26.6133	61 	1  	9.6397 
33 	160   	199.13 	51204.1	1.76427  	2952.95	28.1967	66 	1  	10.7445
34 	176   	602.017	62154.5	1.60452  	5699.18	30.4267	65 	1  	11.9957
35 	153   	32.4762	1042.59	1.60452  	138.182	32.5767	76 	1  	11.6724
36 	159   	162.62 	41772.7	1.50358  	2409.35	34.7367	87 	1  	12.282 
37 	179   	37.9095	1107.04	1.50358  	161.964	37.4133	82 	1  	11.9142
38 	170   	27.5707	1045.46	1.50358  	120.551	39.7633	106	3  	13.4871
39 	167   	26.0461	1054.17	1.37403  	121.392	43.3533	82 	6  	12.7241
40 	161   	28.1127	1079.65	1.37403  	128.513	45.7567	85 	1  	12.8124
41 	165   	15.4464	1087.66	1.25311  	97.952 	47.5033	92 	3  	14.1926
42 	174   	36.4507	3740.83	1.25311  	249.361	47.9967	101	1  	15.79  
43 	166   	10.4876	1102.5 	1.25311  	78.2895	53.1967	100	4  	16.13  
44 	152   	10.2823	1032.54	1.31133  	74.7039	55.67  	99 	3  	17.6129
45 	162   	9.46708	697.41 	1.14338  	57.6863	60.7767	114	3  	18.4819
46 	157   	9.30817	697.41 	1.14338  	62.3907	66.4633	119	1  	18.0461
47 	174   	13.4784	794.155	1.12899  	82.5674	68.23  	123	3  	19.61  
48 	171   	11.0505	995.22 	1.25258  	69.4499	70.9367	152	1  	19.2395
49 	175   	3.42878	35.9919	1.13013  	5.54024	73.4767	138	3  	16.8698
50 	158   	17.2276	1057.95	1.13013  	105.582	71.1967	112	6  	16.9776
51 	173   	9.46006	848.228	1.13013  	66.9249	68.68  	128	3  	19.7553
52 	157   	17.7755	1104.08	0.749309 	114.465	70.3433	128	3  	19.2988
53 	170   	273.523	78843.5	0.749309 	4544.4 	73.8467	125	3  	20.5923
54 	177   	3.80263	96.4389	0.749309 	8.46711	77.8867	140	3  	25.9461
55 	165   	3.18666	100.322	0.749309 	7.87709	82.3   	143	3  	25.3595
56 	153   	11.0249	994.757	0.749309 	82.8208	90.51  	135	1  	24.575 
57 	157   	7.49017	995.318	0.749309 	61.9797	99.72  	130	6  	18.9804
58 	170   	645.815	106894 	0.749309 	7658.38	102.543	152	1  	24.4054
59 	181   	153.238	41787.3	0.749309 	2411.3 	106.19 	208	3  	23.5568
60 	166   	10.0861	1451.85	0.71042  	96.1154	109.45 	156	3  	21.1285
61 	158   	2.4689 	35.7988	0.539577 	5.65456	114.16 	142	3  	16.5379
62 	177   	8.62705	1095.43	0.516752 	78.5626	115.107	151	3  	21.3372
63 	150   	8.30431	964.498	0.389454 	72.8168	117.923	155	6  	16.1033
64 	156   	4.88513	784.375	0.389454 	45.4142	116.46 	157	3  	23.3456
65 	176   	6.65272	1053.64	0.389454 	61.2046	116.923	155	4  	23.35  
66 	162   	9.50135	1012.73	0.389454 	78.2498	118.83 	150	6  	20.9442
67 	164   	2.22992	95.1368	0.259107 	7.11514	120.467	165	10 	18.3654
68 	169   	8.07535	933.409	0.259107 	64.4762	120.663	164	6  	21.1144
69 	166   	9.06644	1061.75	0.259107 	85.0643	124.017	151	6  	18.8033
70 	166   	11.5239	1977.83	0.259107 	120.55 	123.097	164	6  	22.3738
71 	148   	414.636	119449 	0.259107 	6885.42	127.427	175	3  	20.255 
72 	165   	2.33702	104.375	0.259107 	7.8498 	126.91 	163	3  	22.4012
73 	183   	9.35621	1265.92	0.149952 	86.2863	131.777	163	3  	21.3262
74 	171   	272.209	80821.2	0.149952 	4658.28	136.187	225	3  	20.7239
75 	168   	8.40136	1081.63	0.149952 	71.9728	136.287	179	1  	21.5726
76 	167   	15.3679	995.294	0.149952 	105.249	141.223	178	33 	12.4038
77 	157   	7.89465	1084.01	0.149952 	66.3526	139.167	221	16 	20.642 
78 	157   	164.35 	45288.1	0.149952 	2613.04	140.147	171	32 	14.4939
79 	159   	5.01342	788.782	0.143795 	46.2655	141.587	179	27 	12.7641
80 	169   	15.7076	2054.96	0.143795 	139.778	139.817	260	3  	20.5362
81 	143   	18.8299	1236.95	0.143795 	125.848	138.853	164	3  	21.2391
82 	171   	147.032	41920.4	0.140959 	2416.57	139.147	179	3  	19.8005
83 	161   	4.1714 	567.181	0.140959 	33.4553	139.407	255	3  	21.575 
84 	172   	11.7435	735.451	0.113205 	74.0103	139.823	178	1  	17.8635
85 	183   	8.62965	823.793	0.139582 	59.1154	140.08 	204	27 	17.4852
86 	157   	2.72182	223.642	0.139582 	15.8439	141.417	260	29 	16.7554
87 	160   	12.5777	1088.5 	0.139582 	92.5353	141.523	180	29 	13.9244
88 	168   	9.53619	1055.37	0.134275 	76.1099	139.773	180	3  	22.1716
89 	161   	7.77269	613.658	0.131982 	49.6445	141.39 	263	20 	18.0886
90 	170   	11.1271	1095.88	0.117048 	85.8102	139.387	178	1  	21.4399
91 	182   	18.1831	1424.43	0.112259 	128.953	138.69 	175	3  	23.0789
92 	178   	17.5174	1557.19	0.112259 	115.815	138.22 	179	27 	22.3196
93 	180   	16.8413	1079.11	0.112259 	108.952	140.66 	218	4  	17.6191
94 	163   	7.2454 	809.53 	0.112259 	52.5865	140.873	172	16 	16.521 
95 	155   	6.65542	605.708	0.112259 	47.7715	140.12 	174	5  	16.9391
96 	172   	14.2221	1227.39	0.112259 	108.69 	140.643	183	36 	14.0908
97 	156   	6.16517	617.717	0.112259 	48.0271	140.133	171	10 	15.6344
98 	174   	9.82305	733.583	0.112259 	63.8254	140.583	178	5  	15.1478
99 	157   	7.12516	784.375	0.096695 	52.4873	140.13 	166	5  	18.7686
100	168   	146.485	41999.7	0.0915655	2421.21	142.64 	185	7  	13.2128
101	156   	5.69809	1091.7 	0.0915655	63.2858	141.333	172	27 	18.3654
102	158   	4.262  	610.86 	0.0915655	36.1267	139.553	168	6  	19.8392
103	168   	4.85735	829.735	0.0915655	48.2261	142.29 	258	32 	18.3525
104	170   	21.2702	1473.92	0.0915655	141.135	141.407	177	30 	17.2353
105	149   	8.33441	1610.29	0.0915655	93.238 	142.91 	179	27 	17.1774
106	165   	10.7022	1099.64	0.0915655	88.9913	141.093	243	2  	25.4246
107	153   	11.7219	2163.76	0.0915655	129.442	143.373	184	27 	18.7457
108	154   	17.0354	1414.34	0.0915655	134.252	145.8  	190	1  	21.1383
109	173   	10.2815	1129.8 	0.0915655	86.2537	147.313	200	3  	26.4793
110	158   	14.5774	1434.99	0.0880467	120.849	153.91 	186	32 	20.2073
111	167   	6.41404	825.951	0.0880467	49.5031	156.723	197	1  	24.0801
112	183   	11.2969	988.747	0.0880467	81.7892	160.147	202	10 	20.0825
113	173   	13.7038	1526.27	0.0880467	122.42 	161.19 	195	3  	19.0914
114	152   	6.2631 	974.786	0.0880467	57.1742	161.923	191	1  	21.4113
115	159   	4.2133 	817.453	0.0857676	47.3477	164.36 	183	25 	15.1819
116	160   	8.36544	1025.17	0.0857676	69.9668	162.507	210	5  	20.0655
117	154   	11.3625	1100.83	0.0857676	84.6208	161.963	199	1  	23.9684
118	177   	14.2377	1664.93	0.0857676	118.961	163.153	240	12 	21.297 
119	167   	5.0348 	975.073	0.0857676	56.3925	163.827	194	3  	18.7628
120	198   	8.81096	968.251	0.0857676	72.1708	163.283	336	3  	25.5014
121	157   	10.0857	1265   	0.0857676	92.0689	164.577	245	3  	18.2347
122	160   	2.23432	109.061	0.0857676	9.39951	164.66 	208	3  	17.0229
123	167   	5.71326	1025.17	0.0857676	59.9169	163.027	202	3  	20.6107
124	152   	6.01382	944.884	0.0857676	55.2504	165.11 	202	32 	14.8889
125	168   	7.95347	1015.88	0.0857676	68.6482	164.367	198	50 	16.536 
126	158   	9.36293	968.251	0.0857676	78.5483	161.32 	208	4  	24.7577
127	163   	5.76558	900.102	0.0857676	53.0504	163.327	273	9  	22.494 
128	166   	6.22856	1123.29	0.0857676	65.1535	162.673	284	2  	24.1586
129	158   	14.1358	1679.49	0.0857676	124.094	164.367	204	51 	14.8745
130	154   	11.5444	1411.12	0.0857676	98.4295	162.923	205	4  	20.3685
131	151   	5.62701	1008.54	0.0857676	58.7164	163.733	197	29 	17.2407
132	175   	3.17487	251.273	0.0857676	16.8655	164.667	210	52 	14.3525
133	141   	9.80514	1284.67	0.0857676	95.5839	164.243	200	3  	17.9237
134	191   	17.9921	1319.73	0.0857676	124.283	164.733	201	54 	14.2034
135	167   	4.50154	809.951	0.0857676	47.1075	163.437	193	3  	19.7415
136	172   	8.20827	1058.77	0.0857676	77.4893	164.197	201	50 	15.7041
137	153   	8.3908 	1607.73	0.0857676	93.3066	164.387	205	3  	15.977 
138	157   	12.2153	1064.86	0.0857676	97.0025	163.453	199	3  	18.2615
139	158   	5.54127	1064.86	0.0857676	61.96  	163.54 	187	6  	18.2671
140	168   	262.65 	76292.4	0.0857676	4397.62	163.103	203	2  	20.6754
141	159   	7.32175	1319.73	0.0857676	79.8822	164.853	200	3  	14.3413
142	178   	5.08712	646.836	0.0857676	38.7477	163.787	209	3  	17.303 
143	169   	8.15329	803.553	0.0857676	65.3318	164.053	199	4  	18.7717
144	159   	5.87509	947.288	0.0857676	55.1991	160.313	194	3  	26.5489
145	181   	14.5617	2639.97	0.0852039	163.636	165.963	207	59 	11.4226
146	169   	10.6819	1000.95	0.0852039	81.5863	164.307	212	28 	18.0094
147	167   	16.3374	2100.29	0.0852039	140.11 	163.3  	212	11 	22.4533
148	168   	5.61612	1044.72	0.0852039	60.5972	164.227	209	6  	19.4945
149	186   	19.4652	1462.36	0.0852039	131.214	162.453	206	25 	21.2154
150	172   	7.33715	976.713	0.0852039	64.1827	164.437	193	3  	18.554 
151	188   	252.785	74171.2	0.0852039	4275.18	164.233	210	49 	18.8108
152	177   	12.7436	1400.9 	0.0852039	108.355	165.063	251	4  	21.8502
153	149   	96.4042	26662.4	0.0812386	1537.76	167.503	199	63 	15.1002
154	156   	6.33092	971.299	0.0812386	59.5571	167.32 	198	3  	19.4327
155	163   	11.9271	1096.23	0.0812386	95.9304	167.533	219	4  	17.5713
156	162   	15.9666	1383.09	0.0812386	118.131	165.8  	201	53 	21.9355
157	182   	2.86334	104.144	0.0805926	10.5305	167.617	203	52 	16.7818
158	143   	5.4112 	1083.33	0.0602483	62.7828	166.74 	203	4  	20.3784
159	161   	4.86136	613.947	0.0602483	36.8895	166.257	201	3  	19.0467
160	170   	8.93937	1093.99	0.0602483	84.2488	165.857	213	3  	15.7967
161	166   	8.68776	1083.52	0.0602483	82.604 	163.123	213	4  	21.3579
162	207   	17.3618	968.968	0.0602483	111.233	162.077	199	5  	22.0624
163	155   	4.01801	121.625	0.0602483	14.806 	161.96 	199	3  	23.6391
164	170   	15.3439	1264.52	0.0602483	118.135	164.75 	199	3  	19.4969
165	171   	3.53361	163.021	0.0602483	12.7891	163.237	251	3  	22.9476
166	168   	6.30828	1182.41	0.0602483	68.5104	162.62 	205	1  	23.5899
167	155   	14.6625	1852.06	0.0602483	122.914	163.71 	278	4  	18.4452
168	161   	16.4501	1411.1 	0.0602483	123.81 	164.27 	205	101	10.6744
169	153   	3.87569	613.302	0.0602483	36.1004	163.05 	206	50 	13.9497
170	155   	13.7896	1291.28	0.0602483	116.287	162.187	231	3  	14.6515
171	153   	4.10841	567.793	0.0602483	33.9354	161.32 	195	50 	14.8235
172	156   	14.4089	1033.91	0.0560615	108.684	161.347	272	3  	17.9033
173	168   	14.0944	1581.67	0.0560615	126.788	159.777	210	3  	19.7971
174	177   	6.43289	726.068	0.0560615	54.8695	161.267	197	1  	14.441 
175	135   	3.98166	567.793	0.0560615	33.6278	161.46 	279	4  	20.0219
176	173   	7.01853	830.804	0.0560615	60.2276	160.13 	207	3  	21.6549
177	184   	204.358	57134.2	0.0560615	3293.58	160.607	234	3  	22.0606
178	169   	11.1806	1249.44	0.0560615	96.246 	162.23 	200	93 	11.3506
179	155   	4.52509	756.651	0.0560615	44.2789	161.553	211	52 	15.5336
180	159   	10.776 	1411.1 	0.0560615	103.026	161.64 	197	56 	15.9172
181	160   	264.346	75944  	0.0560615	4377.75	162.47 	205	9  	17.0253
182	169   	6.46846	1103.69	0.0560615	64.4781	162.717	279	53 	16.835 
183	143   	7.40948	1331.07	0.0560615	77.3827	160.007	210	2  	25.5848
184	163   	5.55254	962.893	0.0560615	56.2067	161.083	202	4  	19.291 
185	164   	6.3277 	927.567	0.0560615	54.3147	162.503	202	53 	15.3596
186	171   	2.64747	122.125	0.0560615	12.4478	163.127	210	5  	15.0372
187	182   	10.4545	1045.62	0.0560615	83.7961	160.547	279	3  	23.3547
188	147   	2.01673	114.99 	0.0560615	9.77521	161.683	179	35 	16.2926
189	155   	10.2346	1614.07	0.0560615	107.49 	161.533	271	33 	20.3732
190	187   	27.8929	5100.62	0.0560615	304.17 	160.167	187	8  	20.5963
191	165   	18.774 	2712.87	0.0560615	183.597	160.073	191	3  	20.7765
192	166   	184.196	53671.8	0.0560615	3093.91	160.313	197	1  	22.819 
193	186   	5.32915	1055.5 	0.0560615	61.0062	161.67 	209	50 	16.157 
194	173   	12.8014	1490.07	0.0560615	107.19 	161.167	205	3  	20.6539
195	166   	2.59179	102.225	0.0560615	9.48322	161.31 	209	3  	20.168 
196	178   	6.46022	992.371	0.0560615	58.3348	161.283	248	49 	20.7237
197	166   	19.5506	3565.81	0.0560615	216.401	160.017	198	3  	21.4912
198	157   	13.1448	2157.9 	0.0560615	135.05 	158.667	217	3  	26.52  
199	165   	5.34511	833.27 	0.0560615	48.6126	160.113	194	6  	19.6589
200	170   	2.33835	77.1591	0.0560615	7.85904	160.327	197	3  	19.9842
--------------------------------------------------------------------------------

Best individual:
Required sequence: 1, 0, 0, 1, 2, 1, 6, 12, 46, 92, 341, 1787, 9233, 45752, 285053, 1846955, 11977939, 83263591, 621012754, 4878666808, 39333324973, 336376244042, 3029242658210, 28439272956934, 275986683743434, 2789712466510289, 29363495934315694
Actual sequence:   1.224491880386767, -0.2517473313057781, -0.17847523626115303, 1.2189586646129156, 1.7211127040480698, 1.3851739591095211, 5.9787967705296285, 11.831666853305652, 9.526559660218348, 6.878890084793953, 10.331890560150576, 12.848173010383952, 13.983347348173119, 15.615629735680741, 16.244723735808144, 15.018580398067336, 18.057267289234293, 19.375773929578983, 21.198234277334052, 20.609839607772823, 23.391061780952555, 24.992181044617006, 24.71263591644755, 23.48693928426133, 26.304633426077057, 26.346031194654852, 28.492870059563426


Best algorithm: sub(add(add(n, mul(sin(1), add(sub(sin(add(n, mul(sin(1), add(sub(sin(n), add(n, sub(1, sin(1)))), mul(1, sub(protected_divide(0, -1), 1)))))), add(n, sub(sin(1), sin(1)))), mul(1, sub(protected_divide(0, -1), sin(sin(sin(1)))))))), mul(1, add(add(sin(sin(mul(n, add(sin(n), mul(1, add(add(sin(sin(sin(sin(sin(1))))), add(sin(n), mul(1, add(n, sub(protected_divide(0, -1), 1))))), sin(mul(n, n)))))))), add(sin(n), add(sin(sin(mul(add(sin(mul(1, add(add(sin(n), mul(neg(0), cos(n))), sub(sin(n), 1)))), add(sin(sin(n)), mul(protected_divide(0, -1), add(n, sin(sin(1)))))), n))), add(sin(mul(1, add(n, mul(sin(1), add(sub(sin(n), add(n, sub(1, sin(1)))), mul(1, sub(protected_divide(0, 0), sin(1)))))))), mul(1, add(n, sub(protected_divide(0, -1), sin(1)))))))), sin(mul(n, n))))), 1)

Failed!