   	      	                      fitness                      	              size             
   	      	---------------------------------------------------	-------------------------------
gen	nevals	avg    	max        	min     	std        	avg    	max	min	std    
0  	300   	1954.27	193611     	11.085  	11533.3    	3.73333	7  	2  	1.58395
1  	195   	983.1  	4405       	11.085  	381.629    	3.79333	9  	1  	1.65044
2  	161   	785.619	5078       	11.085  	406.337    	4.16667	9  	2  	1.65496
3  	176   	894.634	41491      	11.085  	3353.06    	4.48667	11 	1  	1.84296
4  	165   	1064.38	41491      	11.085  	4997.84    	4.91667	11 	1  	1.95014
5  	151   	2613.3 	193611     	11.085  	14087.9    	5.13333	12 	1  	2.01053
6  	166   	1879.56	72474      	11.085  	8441.28    	5.08   	12 	1  	1.96136
7  	156   	14966.6	3.8392e+06 	11.085  	221372     	5.03   	11 	1  	1.78394
8  	156   	2355.86	72372      	11.085  	9561.13    	5.37   	12 	1  	1.70873
9  	170   	1748.93	41491      	11.085  	7753.74    	5.76   	11 	1  	1.46597
10 	185   	1348.04	41491      	9.44794 	6647.51    	5.95667	12 	1  	1.48148
11 	155   	733.084	41375.1    	9.44794 	4694.78    	6.12667	13 	2  	1.28736
12 	132   	1074.59	56057.9    	9.44794 	6176.63    	6.26333	12 	1  	1.34932
13 	155   	2174.57	41475.8    	9.44794 	8695.26    	6.44667	12 	1  	1.5876 
14 	180   	1722.43	72488.3    	9.44794 	8143.81    	6.61667	12 	1  	1.49546
15 	164   	1262.98	72488.3    	9.44794 	7101.12    	7.19   	13 	3  	1.84225
16 	147   	1484.94	56057.9    	9.44794 	7676.57    	7.47333	15 	1  	1.91206
17 	142   	1226.84	72488.3    	9.44794 	7112.75    	7.91333	14 	2  	1.53378
18 	176   	886.437	41475.8    	9.44794 	5298.99    	7.92333	13 	1  	1.79929
19 	148   	881.387	72488.3    	9.44794 	6081.27    	8.08   	14 	1  	1.51446
20 	178   	1286.38	41552.8    	9.44794 	6668.83    	8.13   	15 	1  	1.70873
21 	182   	1456.29	41475.8    	9.44794 	7049.62    	8.05667	13 	1  	1.61042
22 	183   	756.178	41475.8    	9.44794 	4750.27    	8.06333	14 	1  	1.73186
23 	177   	1064.85	41510.8    	9.44794 	5800.67    	8.10667	14 	1  	1.80978
24 	179   	898.814	41475.8    	9.44794 	5310.81    	8      	16 	1  	1.95619
25 	162   	700.587	55817.7    	9.44794 	5122.32    	8.05   	14 	1  	1.6189 
26 	168   	2329.08	193581     	9.44794 	13517.4    	8.19   	15 	1  	1.71481
27 	160   	41086.6	1.21188e+07	9.44794 	698486     	8.23667	17 	2  	1.78904
28 	170   	986.238	72615.7    	9.44794 	6307.92    	8.22667	15 	1  	1.70547
29 	174   	985.182	41475.8    	9.44794 	5792.69    	8.18333	15 	1  	1.58   
30 	188   	1974.92	193581     	9.44794 	12931.4    	8.19667	15 	3  	1.66072
31 	157   	1167.6 	41475.8    	9.44794 	6269.34    	8.14333	18 	1  	1.75958
32 	164   	586.875	41475.8    	9.44794 	4070.79    	8.14333	14 	2  	1.50426
33 	183   	718.402	41475.8    	9.44794 	4754.83    	8.12667	14 	2  	1.44128
34 	189   	1388.16	193581     	9.44794 	12088.4    	8.02667	14 	1  	1.70469
35 	170   	1518.01	193581     	8.77012 	12304.5    	8.12667	15 	1  	1.7466 
36 	165   	839.965	41475.8    	8.77012 	5301.24    	8.10333	14 	1  	1.65106
37 	159   	741.902	41475.8    	8.77012 	4760.92    	8.04667	13 	1  	1.53986
38 	166   	588.255	41475.8    	8.77012 	4126.6     	8.24   	16 	3  	1.80067
39 	155   	965.308	41475.8    	8.77012 	5792.57    	8.22667	14 	3  	1.5584 
40 	160   	696.606	41475.8    	8.77012 	4752.95    	8.35667	16 	1  	1.70571
41 	154   	677.008	41536.1    	8.77012 	4758.82    	8.50667	17 	1  	2.09999
42 	156   	988.257	41517.2    	8.49049 	5796.09    	8.92333	19 	3  	2.51743
43 	169   	690.122	41552.8    	8.49049 	4756.25    	9.23333	19 	1  	2.78308
44 	164   	448.391	41475.8    	8.49049 	3417.8     	10.2567	21 	1  	3.21415
45 	172   	579.963	41547      	8.49049 	4159.09    	11.23  	21 	2  	3.33723
46 	162   	828.435	41536.1    	8.47638 	5312.22    	12.3333	29 	3  	3.86724
47 	181   	236.249	39647      	8.47638 	2298.91    	12.8633	27 	5  	3.63199
48 	162   	792.75 	41567.1    	8.47638 	5315.85    	13.6967	26 	3  	3.6062 
49 	163   	161.434	5066.38    	8.47638 	503.426    	14.3033	29 	2  	4.08469
50 	167   	678.855	41556.2    	8.47638 	4762.7     	14.5333	29 	5  	4.52647
51 	162   	391.241	41527.1    	8.47638 	3384.27    	14.7767	33 	1  	4.19128
52 	164   	229.409	41527.1    	8.47638 	2404.4     	15.2667	27 	5  	4.12903
53 	167   	241.498	41527.1    	8.47638 	2416.99    	15.3667	29 	1  	4.42706
54 	150   	254.94 	41527.1    	8.47638 	2418.12    	15.5733	30 	3  	4.46892
55 	166   	329.209	41527.1    	8.47638 	2933.04    	15.4333	36 	1  	4.48095
56 	180   	564.576	41556.2    	8.47638 	4150.43    	15.33  	29 	2  	4.8015 
57 	144   	868.511	72537      	8.43328 	6309.45    	15.7033	31 	1  	4.20896
58 	180   	512.454	41556.2    	8.47638 	3790.28    	15.87  	34 	1  	4.77002
59 	161   	491.397	41527.1    	8.3475  	4128.81    	16.1867	31 	1  	4.34264
60 	173   	391.411	41556.2    	8.3475  	3400.28    	16.7133	35 	1  	5.10991
61 	159   	214.997	39647      	8.12292 	2307.06    	16.72  	35 	1  	5.43399
62 	173   	493.732	53215.3    	8.12292 	3896.1     	17.8567	40 	5  	5.84318
63 	151   	613.499	43104.5    	8.12292 	4511.07    	17.9667	38 	5  	5.66206
64 	169   	519.791	41556.2    	7.89049 	4146.95    	18.63  	37 	2  	6.58279
65 	170   	331.555	41608.6    	7.7963  	3385.88    	20.2033	49 	5  	7.49235
66 	183   	491.824	41556.2    	8.09894 	4072.94    	21.4067	57 	2  	7.79538
67 	164   	725.792	41556.2    	6.33952 	5056.39    	22.2733	42 	5  	7.55416
68 	164   	326.162	41556.2    	6.33952 	3381.84    	24.3367	46 	1  	8.16027
69 	181   	655.625	41516.3    	6.33952 	4774.35    	27.67  	58 	5  	10.1673
70 	161   	67.5211	4397.5     	6.33952 	326.594    	29.99  	61 	5  	9.5462 
71 	175   	613.222	41566.4    	5.70565 	4472.26    	32.2933	67 	3  	10.2885
72 	171   	689.882	41566.4    	5.51155 	4754.01    	34.21  	69 	5  	11.4137
73 	158   	10101.2	2.97515e+06	5.51155 	171489     	35.32  	75 	2  	12.5965
74 	147   	376.393	55705.3    	4.29115 	3631.56    	34.83  	75 	3  	14.1115
75 	158   	10536.5	3.08467e+06	4.29115 	177799     	32.9433	77 	1  	14.6246
76 	144   	672.077	55839.4    	4.29115 	5162.02    	33.0333	77 	4  	14.1428
77 	155   	955.62 	68934.8    	4.29115 	6800.44    	30.3767	79 	1  	12.4097
78 	179   	10241.6	2.86481e+06	3.47906 	165163     	30.3933	75 	2  	11.651 
79 	170   	78437  	3.08912e+06	3.47906 	470923     	29.36  	80 	6  	11.6955
80 	155   	19649.4	2.86589e+06	3.47906 	233237     	29.7   	77 	5  	11.1405
81 	152   	20294  	2.97187e+06	3.47906 	237661     	29.3133	74 	6  	10.2805
82 	151   	30500.7	3.08606e+06	2.25806 	299913     	29.44  	72 	3  	10.7613
83 	158   	32291.2	3.325e+06  	2.25806 	315313     	29.0267	63 	4  	10.3266
84 	176   	41292.4	3.09368e+06	2.25806 	347694     	29.41  	74 	1  	12.6054
85 	146   	48284  	2.97596e+06	2.05426 	368712     	32.1967	79 	2  	13.1349
86 	162   	10401.7	2.97479e+06	2.05426 	171534     	34.2433	77 	6  	14.2414
87 	181   	17717.6	2.97479e+06	2.2158  	215716     	39.71  	82 	3  	15.5007
88 	167   	10945.1	3.08397e+06	2.2158  	177797     	43.0333	79 	4  	15.5672
89 	180   	40327.9	2.97467e+06	1.77029 	340983     	47.6167	79 	15 	14.8854
90 	150   	10253  	2.9778e+06 	1.56878 	171651     	52.61  	85 	4  	13.7685
91 	171   	10811.5	3.08397e+06	1.38529 	177797     	56.08  	86 	3  	12.7098
92 	151   	30439.8	3.11725e+06	1.38529 	300803     	57.4133	89 	1  	13.4532
93 	155   	30424.9	3.08358e+06	1.56878 	299687     	58.3267	90 	1  	12.795 
94 	146   	60508.4	3.11889e+06	1.56826 	422470     	58.4433	92 	15 	13.0532
95 	174   	390.492	60584      	1.56826 	4176.07    	56.7167	100	3  	14.767 
96 	174   	30649.3	2.9916e+06 	1.56826 	296561     	58.1433	92 	8  	13.8399
97 	164   	40701.6	3.11913e+06	1.51405 	349374     	59.4267	99 	8  	14.2786
98 	188   	11008.3	3.19895e+06	1.51405 	184397     	58.9933	88 	12 	13.1605
99 	157   	10563.3	3.00564e+06	1.28262 	173286     	59.1833	98 	1  	12.871 
100	153   	673.671	55757.1    	1.28262 	5636.41    	59.5833	97 	19 	11.3858
101	153   	445.905	47375.9    	1.28262 	4230.72    	60.1667	91 	3  	11.28  
102	176   	30486.6	3.1184e+06 	1.28262 	300130     	60.5967	108	12 	12.4793
103	165   	20542.7	3.08452e+06	1.28262 	246593     	59.4767	92 	12 	13.2435
104	148   	363.569	55757.8    	1.28262 	4001.03    	60.2533	96 	3  	14.347 
105	159   	19985.4	2.9746e+06 	1.28262 	242055     	61.4967	100	11 	13.6776
106	179   	21215.9	3.10244e+06	1.28262 	251742     	62.4233	99 	1  	14.6782
107	177   	602863 	1.7762e+08 	1.28262 	1.02389e+07	63.45  	98 	10 	13.0093
108	153   	10648.5	3.08468e+06	1.28262 	177821     	63.8867	101	24 	11.3022
109	159   	10232.6	2.97405e+06	1.28262 	171435     	62.2767	90 	1  	11.0414
110	168   	10314.8	2.97405e+06	1.28262 	171460     	61.65  	104	6  	11.7868
111	169   	20501.7	3.11789e+06	1.28262 	247908     	62.5533	91 	20 	8.92191
112	165   	397.827	55794.6    	1.17362 	4452.25    	61.9167	99 	1  	10.8733
113	149   	19922.4	3.08672e+06	1.17362 	241358     	62.05  	98 	3  	11.5615
114	171   	31.8012	1124.86    	1.13892 	158.157    	62.5967	101	1  	12.2243
115	148   	20055.3	2.97552e+06	1.134   	242075     	62.7433	93 	1  	10.7256
116	145   	19854.2	2.97479e+06	1.134   	242004     	63.7667	104	26 	8.58403
117	178   	20669.4	3.08248e+06	1.13892 	246431     	63.3733	104	19 	10.9879
118	168   	488.51 	55405.8    	1.13892 	4682.32    	64.5267	98 	3  	11.4878
119	140   	32.4942	4410.28    	1.13892 	279.46     	64.7433	107	24 	9.69282
120	186   	20425.5	3.0897e+06 	1.1026  	246734     	64.4467	99 	22 	11.2709
121	191   	19929.5	3.06376e+06	1.1026  	241353     	64.29  	98 	22 	12.3434
122	173   	20417.3	3.11702e+06	1.1026  	249110     	65.3   	95 	26 	10.7949
123	150   	161.081	41462.3    	1.1026  	2392.71    	64.88  	112	23 	10.8129
124	174   	20361.5	3.07998e+06	1.02722 	246394     	63.9667	95 	2  	12.0269
125	154   	30709.9	3.08369e+06	1.02722 	302561     	65.61  	110	16 	13.4223
126	190   	10804.5	3.19688e+06	1.02722 	184271     	67.6967	118	15 	15.0264
127	181   	20649.1	2.97465e+06	1.02722 	242072     	70.6633	124	2  	18.3524
128	150   	205.304	56082.2    	1.02722 	3234.13    	76.1   	120	25 	16.8441
129	152   	10850  	3.19279e+06	1.02722 	184044     	82.71  	114	24 	15.7334
130	160   	31.353 	1593.34    	1.02722 	172.805    	86.4367	126	26 	13.8662
131	164   	10628.9	3.11713e+06	1.02722 	179683     	87.36  	126	32 	12.5338
132	157   	20738.7	3.10008e+06	1.02722 	248429     	88.5367	127	2  	12.3589
133	163   	352.376	55656.5    	1.02722 	3996.57    	88.33  	124	1  	11.4106
134	164   	246.599	68002.9    	1.02722 	3920.53    	86.4033	123	1  	13.2275
135	160   	19545.4	2.9898e+06 	1.02722 	238353     	87.1233	119	40 	11.2333
136	158   	339.755	55757.8    	1.02722 	3994.53    	87.8967	112	45 	9.4678 
137	172   	30472.2	3.0838e+06 	1.02722 	299805     	86.7833	119	8  	12.7842
138	152   	19841  	2.97319e+06	1.02722 	241947     	88.1633	114	1  	10.1142
139	149   	200.845	57963.2    	1.02722 	3341.31    	88.2033	126	45 	9.90296
140	169   	30708.6	3.11713e+06	1.02722 	305450     	87.92  	119	45 	10.6022
141	162   	21119.4	3.11713e+06	1.02722 	247884     	87.9567	115	45 	10.204 
142	170   	20616.8	3.11713e+06	1.02722 	249146     	87.6667	126	6  	11.0001
143	153   	646.859	56082.2    	1.02722 	5525.34    	87.2667	118	26 	11.1404
144	158   	9949.55	2.97466e+06	1.02722 	171454     	87.8167	122	26 	11.9095
145	178   	312.753	42951.8    	0.956333	3437.17    	87.8867	119	45 	11.1607
146	151   	21116.2	3.11713e+06	0.956333	252310     	88.4233	127	46 	11.1889
147	178   	37.889 	4345.63    	0.956333	293.261    	87.6767	130	45 	11.5859
148	158   	10625.7	3.08019e+06	0.956333	177559     	88.0467	122	43 	11.3759
149	179   	60831.5	3.09927e+06	0.948732	424707     	87.6933	116	37 	10.8964
150	165   	10405.4	3.11713e+06	0.938574	179667     	88.4   	122	48 	10.4913
151	157   	507.685	57885.1    	0.883903	4833.2     	88.58  	127	42 	11.0171
152	138   	71.1915	14661.6    	0.842548	855.652    	87.1067	119	30 	12.9417
153	161   	280.328	75016      	0.842548	4331.07    	87.5833	125	1  	13.1437
154	175   	10209.6	3.00027e+06	0.88365 	172938     	87.3833	125	33 	12.9927
155	170   	245.908	67888.5    	0.88365 	3914.75    	84.9033	122	37 	13.707 
156	167   	186.083	41325      	0.88365 	2399.16    	83.5033	134	29 	15.875 
157	150   	20588.6	3.08384e+06	0.88015 	250951     	83.6733	129	1  	14.6458
158	156   	174.697	41346      	0.88015 	2398.47    	81.44  	118	26 	16.3961
159	162   	110.592	17581.8    	0.88015 	1085       	79.86  	115	6  	14.8187
160	166   	19849.6	2.97318e+06	0.842548	241939     	77.2667	115	23 	14.7705
161	168   	31434.4	3.19663e+06	0.842548	310802     	75.3433	132	8  	17.4377
162	154   	10447  	3.08358e+06	0.842548	177740     	78.7267	117	29 	14.9566
163	159   	10520.6	3.14496e+06	0.842548	181269     	81.7167	125	28 	15.1271
164	158   	17.62  	1132.95    	0.842548	123.094    	84.6033	123	2  	14.5306
165	167   	10389.3	2.97326e+06	0.8414  	171410     	86.0367	127	34 	13.3944
166	171   	21079.7	3.2618e+06 	0.8414  	254043     	85.9433	123	37 	14.0866
167	166   	476.158	57829.9    	0.8414  	4662.62    	84.6033	130	46 	13.9217
168	166   	29034.1	2.97523e+06	0.8414  	288562     	81.0033	117	33 	14.402 
169	154   	222.415	53476.6    	0.8414  	3087.1     	79.41  	117	12 	14.6033
170	148   	213.663	57829.9    	0.84049 	3334.69    	78.99  	113	35 	12.3835
171	160   	53.3212	4456.52    	0.84049 	391.431    	79.97  	118	37 	12.4513
172	166   	10405.1	2.97533e+06	0.815265	171527     	79.9   	119	1  	12.7265
173	162   	178    	41039.1    	0.806289	2381.86    	81.1433	114	29 	13.1124
174	177   	19614.6	2.97305e+06	0.806289	237357     	81.08  	120	24 	14.2396
175	171   	10410.1	3.09913e+06	0.806289	178629     	80.1   	124	28 	14.917 
176	160   	10491.4	3.08366e+06	0.806289	177755     	76.55  	111	4  	15.4499
177	164   	10647.8	3.19002e+06	0.80084 	183868     	75.22  	120	25 	15.0857
178	165   	9950.02	2.97529e+06	0.80084 	171490     	74.0133	115	3  	14.7522
179	175   	20757.2	3.08609e+06	0.80084 	248914     	76.9733	130	27 	15.1563
180	157   	627.824	43564.8    	0.80084 	4923.36    	77.2033	115	13 	15.637 
181	155   	20576.1	3.19652e+06	0.796565	250983     	76.72  	125	20 	14.3655
182	172   	122.748	29034.5    	0.796565	1679.18    	75.3467	122	28 	14.8092
183	154   	166.661	43229.3    	0.796565	2503.84    	76.5833	112	26 	12.8609
184	175   	9739.85	2.8615e+06 	0.796565	164950     	78.3833	120	29 	14.8812
185	153   	351.141	55636.7    	0.796565	3994.84    	80.9833	119	1  	16.581 
186	156   	30654  	3.14498e+06	0.796565	304682     	84.4133	119	21 	16.5407
187	168   	9706.88	2.86463e+06	0.799363	165120     	89.4167	122	2  	15.2603
188	157   	9931.17	2.97496e+06	0.799363	171472     	92.62  	127	12 	12.8063
189	182   	10194.2	2.97305e+06	0.799363	171379     	93.2433	128	39 	12.1234
190	167   	10446  	2.97529e+06	0.799363	171538     	93.9467	128	47 	11.0425
191	174   	10633.9	3.14492e+06	0.799363	181276     	92.6333	124	3  	12.9133
192	158   	20434  	3.08512e+06	0.799363	248875     	93.0067	126	1  	12.4126
193	172   	10267.2	2.97305e+06	0.799363	171390     	91.5633	127	42 	12.8962
194	180   	483.932	75720.2    	0.799363	5407.8     	91.82  	121	1  	13.6836
195	164   	353.024	55639.8    	0.799363	3989.24    	91.5767	121	1  	14.6305
196	160   	23662.4	3.96359e+06	0.799363	289124     	93.3567	132	51 	10.5478
197	141   	10344.2	2.95548e+06	0.796187	170427     	91.8467	127	3  	13.31  
198	157   	39.4702	4555.18    	0.796187	365.418    	93.02  	127	28 	12.069 
199	173   	10841.8	3.14492e+06	0.796187	181283     	92.3067	123	5  	12.5549
200	181   	220.439	53367.8    	0.796187	3087.91    	92.61  	134	46 	11.6832
--------------------------------------------------------------------------------

Best individual:
Required sequence: 1, 3, 7, 13, 31, 37, 43, 67, 73, 79, 127, 151, 163
Actual sequence:   1.0087147227475823, 3.2518607304393097, 6.960451490124403, 13.46935008176458, 28.69545353405292, 37.768482547633866, 43.39619137709884, 67.16021580829366, 78.4902237972521, 91.51227631798432, 121.25484623526967, 156.73501258815347, 167.59788487033998


Best algorithm: sub(mul(n, add(cos(add(mul(mul(n, n), n), add(cos(add(mul(mul(n, n), n), protected_divide(add(cos(add(mul(mul(neg(cos(n)), n), n), add(cos(add(mul(mul(n, n), n), protected_divide(n, -1))), n))), n), -1))), n))), n)), sin(add(mul(mul(n, n), n), protected_divide(add(cos(mul(mul(neg(cos(add(mul(mul(neg(cos(n)), n), n), add(cos(add(mul(mul(n, n), n), protected_divide(n, -1))), n)))), n), add(mul(mul(-1, n), n), neg(n)))), add(cos(mul(protected_divide(add(cos(add(mul(mul(n, n), n), add(cos(add(mul(mul(n, n), n), mul(n, n))), n))), -1), -1), n)), n)), add(add(0, 0), neg(n))))))

Failed!