   	      	                      fitness                      	              size             
   	      	---------------------------------------------------	-------------------------------
gen	nevals	avg    	max        	min      	std        	avg    	max	min	std    
0  	300   	3710.13	8348.57    	129.143  	815.349    	3.94333	7  	2  	1.65734
1  	158   	3366.7 	7586.29    	129.143  	774.84     	4.27333	9  	1  	1.90402
2  	164   	2979.11	10288      	78.8571  	1074.74    	4.83333	13 	1  	2.13828
3  	174   	2431.86	10288      	78.8571  	1207.94    	5.02667	15 	1  	2.20135
4  	177   	2565.58	69617.1    	78.8571  	5278       	5.41667	15 	1  	2.43784
5  	173   	1754.9 	16090.3    	68.5714  	2363.66    	6.13   	15 	1  	2.81421
6  	160   	1910.3 	69617.1    	60.2316  	5821.39    	6.96333	16 	1  	3.01253
7  	175   	2106.1 	149135     	60.2316  	10104      	7.24333	17 	1  	2.84091
8  	156   	1933.39	83707.4    	60.2316  	9063.97    	7.30333	18 	1  	2.90367
9  	174   	3902.16	351538     	60.2316  	23640.6    	7.94   	18 	3  	3.23673
10 	172   	4986.46	382429     	60.2316  	36413.7    	9.06   	20 	2  	3.33313
11 	145   	4231.37	351538     	60.2316  	24752.7    	9.68333	20 	1  	3.04134
12 	161   	2824.74	145518     	60.2316  	15597.8    	10.4667	20 	1  	2.85112
13 	166   	9771.24	834991     	60.2316  	73166.2    	10.89  	20 	2  	2.74795
14 	160   	1809.05	181752     	60.2316  	12257.9    	11.1567	18 	3  	2.50974
15 	177   	275234 	3.99007e+07	34.5228  	3.24701e+06	10.9767	24 	2  	2.93646
16 	169   	87522.1	2.13178e+07	47.6223  	1.23254e+06	11.12  	25 	1  	3.6312 
17 	179   	20860.7	1.96348e+06	36.7983  	150154     	10.7867	25 	1  	3.13919
18 	160   	73515.9	1.67898e+07	36.7983  	980533     	10.67  	25 	1  	3.3198 
19 	163   	180507 	3.99007e+07	36.7983  	2.31442e+06	11.09  	26 	3  	3.70251
20 	178   	19947.7	1.96348e+06	37.3755  	147984     	11.0833	25 	1  	3.92127
21 	195   	25269.2	1.96348e+06	36.7983  	149809     	11.2533	29 	1  	4.51839
22 	160   	21433.5	1.96348e+06	36.7983  	178736     	11.57  	30 	1  	4.35642
23 	174   	165629 	4.19118e+07	31.1223  	2.42133e+06	11.3867	25 	1  	3.71894
24 	174   	10618.2	862448     	31.1223  	72944      	11.7867	31 	1  	4.21123
25 	181   	18883.3	1.96348e+06	31.1223  	126300     	12.5967	34 	2  	4.09561
26 	160   	9401   	862448     	19.3055  	60832.7    	12.8733	28 	1  	4.50451
27 	163   	149512 	4.19118e+07	19.3055  	2.41611e+06	13.68  	29 	3  	4.14941
28 	144   	2562.12	185944     	13.4929  	15291.7    	14.3267	34 	3  	4.44597
29 	166   	2144.35	185944     	13.4929  	13873.8    	15.0233	34 	1  	4.78081
30 	168   	2179.36	164774     	13.4929  	13046.4    	16.4767	35 	1  	5.61689
31 	154   	2553.66	204794     	13.4929  	17928.1    	17.76  	37 	3  	5.58293
32 	164   	3412   	485577     	10.5259  	30770.1    	19.4567	38 	3  	5.72318
33 	138   	8725.06	2.24221e+06	10.5259  	129641     	20.06  	47 	2  	5.91465
34 	166   	4449.01	1.02105e+06	6.29132  	59570.1    	21.31  	47 	3  	6.13193
35 	157   	2405.07	227293     	6.92117  	18756.7    	21.7133	61 	2  	7.51029
36 	162   	11011.5	1.18492e+06	4.49638  	92465.3    	21.7733	54 	3  	7.861  
37 	163   	6152.88	360762     	4.49638  	35379.4    	22.18  	49 	1  	8.46685
38 	137   	1919.98	213307     	4.49638  	15646.2    	22.9167	53 	3  	7.62341
39 	158   	18029.9	1.25351e+06	4.49638  	121037     	24.9533	47 	2  	8.34413
40 	164   	7427.59	842770     	4.49638  	61269.8    	27.48  	45 	3  	7.66265
41 	159   	8352.92	1.4416e+06 	4.08142  	85777.6    	27.9033	65 	3  	9.9375 
42 	159   	9647.77	1.22424e+06	4.49638  	79025.1    	27.23  	57 	3  	9.97014
43 	178   	13692.5	1.6406e+06 	4.49638  	120369     	24.7333	58 	3  	9.38237
44 	186   	15257.3	3.41761e+06	4.49638  	199675     	22.6733	49 	1  	8.73727
45 	165   	13644.8	859901     	4.10226  	85253.9    	21.87  	60 	1  	8.69059
46 	168   	7729.44	658205     	4.49638  	51674.1    	21.4433	50 	3  	8.44749
47 	166   	14718.3	1.75892e+06	4.49638  	129797     	20.5   	55 	3  	7.93704
48 	163   	6012.68	451838     	4.49638  	37822.3    	20.3267	49 	3  	7.18192
49 	158   	4572.66	693301     	4.48144  	43842.7    	19.95  	45 	3  	6.24987
50 	167   	17092.3	1.75892e+06	4.48144  	143184     	20.2133	48 	3  	6.91384
51 	159   	3409.36	186709     	4.48144  	21357.8    	19.68  	50 	1  	6.48416
52 	158   	1613.1 	169090     	4.48144  	11857.9    	20.42  	53 	3  	6.53378
53 	164   	11913.8	1.21894e+06	3.81685  	87853.1    	20.7167	50 	1  	7.43929
54 	145   	3451.3 	188118     	3.365    	21125.6    	21.3367	52 	3  	7.92612
55 	178   	9650.83	1.75892e+06	3.57417  	103924     	22.51  	66 	2  	8.79033
56 	177   	9989.56	1.7476e+06 	3.36188  	113185     	24.34  	66 	1  	9.66115
57 	189   	8516.6 	1.21894e+06	3.36188  	82208.3    	25.91  	59 	3  	9.5674 
58 	170   	1575.08	168754     	2.61562  	10903.2    	26.44  	49 	3  	9.33951
59 	174   	1469.49	167301     	2.22893  	10594.4    	27.1933	71 	3  	9.58276
60 	167   	3859.75	589665     	1.86888  	37255.5    	29.1533	56 	3  	8.86396
61 	159   	4095.75	786669     	1.86888  	47249.3    	30.4433	66 	2  	11.1074
62 	163   	1857.44	168754     	1.86888  	15554.2    	32.0467	70 	1  	10.8869
63 	158   	439.592	18050.8    	1.21268  	1454.52    	33.7533	73 	1  	12.0161
64 	176   	11520.3	1.98574e+06	1.21268  	121972     	34.99  	71 	2  	12.1226
65 	155   	5614.48	1.25288e+06	0.26235  	73345.3    	35.5767	91 	1  	14.6728
66 	174   	12334.2	1.70039e+06	0.26235  	122246     	37.2633	78 	1  	14.5673
67 	144   	368.02 	24954.7    	0.26235  	1702.38    	40.5633	74 	2  	15.3216
68 	157   	920.294	171834     	0.26235  	10003      	45.61  	81 	3  	15.5398
69 	179   	286.731	8204.8     	0.26235  	943.6      	50.14  	95 	7  	13.4526
70 	177   	2118.61	179595     	0.26235  	17246      	52.45  	89 	4  	12.8686
71 	169   	7793.52	1.82815e+06	0.26235  	106373     	53.5733	99 	3  	11.9057
72 	168   	1374.4 	191858     	0.26235  	14746      	53.5533	83 	6  	11.6373
73 	178   	33601.1	9.70557e+06	0.26235  	559581     	53.9867	98 	3  	12.5841
74 	165   	1148.65	154315     	0.26235  	12558.2    	55.08  	105	3  	13.6494
75 	166   	1136.41	189417     	0.26235  	11657      	54.0467	98 	7  	11.9534
76 	156   	1450.98	169635     	0.26235  	13875.4    	53.7467	129	3  	12.1082
77 	177   	876.718	189291     	0.26235  	10928.5    	50.5167	97 	1  	12.5511
78 	174   	3165.78	205262     	0.26235  	22264.3    	49.9633	86 	1  	12.1557
79 	145   	7538.77	1.23696e+06	0.26235  	84742.7    	50.16  	100	3  	12.3381
80 	173   	377.863	18100.9    	0.26235  	1621.57    	50.9467	101	3  	11.6584
81 	171   	193.402	5571.08    	0.26235  	741.467    	51.26  	98 	3  	10.1875
82 	141   	1621.04	196297     	0.26235  	15991.5    	51.7333	75 	5  	7.23756
83 	172   	829.462	169635     	0.26235  	9845.67    	51.1567	90 	3  	9.9065 
84 	147   	1224.11	284420     	0.26235  	16449.4    	51.0133	105	3  	10.4508
85 	147   	875.357	169635     	0.26235  	9861.18    	50.5333	81 	1  	11.4027
86 	152   	2412.18	284420     	0.26235  	22130.8    	50.6   	81 	2  	10.1196
87 	165   	1751.71	189291     	0.26235  	15997.7    	51.3467	74 	3  	8.61161
88 	152   	353.769	13262.4    	0.26235  	1336.92    	51.02  	101	3  	12.7619
89 	163   	837.464	169635     	0.26235  	9951.77    	51.7833	101	3  	9.85307
90 	155   	9112.15	1.23696e+06	0.26235  	87288.3    	51.8   	102	3  	10.5685
91 	192   	913.824	169635     	0.26235  	9838.46    	51.4733	110	3  	13.1196
92 	151   	5244.89	1.23696e+06	0.26235  	73094.9    	51.5833	100	3  	12.0616
93 	158   	5265.07	782468     	0.26235  	49351.7    	51.8367	107	5  	12.2786
94 	174   	1401.79	186876     	0.26235  	14527      	50.6667	92 	3  	10.9953
95 	158   	810.062	132849     	0.26235  	7829.57    	50.9967	102	3  	11.1847
96 	180   	805.394	179009     	0.26235  	10340.2    	51.84  	97 	3  	10.273 
97 	183   	2489.88	169635     	0.26235  	19055.7    	51.2033	116	5  	11.7039
98 	153   	3626.33	782030     	0.26235  	46139.3    	51.3833	95 	3  	10.8433
99 	160   	2381.01	284420     	0.26235  	21385.9    	51.5633	100	3  	11.9001
100	157   	694.568	123495     	0.26235  	7246.44    	50.9733	72 	3  	10.7595
101	180   	903.525	169635     	0.26235  	9856.94    	50.6267	81 	2  	12.2161
102	156   	739.2  	169635     	0.26235  	9789.14    	51.76  	81 	3  	10.9317
103	167   	4915.59	1.23696e+06	0.26235  	71924.9    	51.45  	104	3  	11.7229
104	166   	1275.19	169635     	0.26235  	13306.9    	51.03  	98 	3  	11.8809
105	153   	783.685	169635     	0.26235  	9797.34    	52.01  	106	2  	11.4465
106	186   	7810.31	1.77686e+06	0.26235  	104178     	51.2467	97 	1  	12.7501
107	163   	6055.92	782468     	0.26235  	64352.6    	51.31  	92 	3  	9.7057 
108	176   	975.268	169635     	0.26235  	10200.7    	50.94  	95 	2  	12.0735
109	160   	721.923	169635     	0.26235  	9789.78    	52.2967	110	3  	12.0342
110	177   	1876.96	184335     	0.26235  	17376.7    	52.15  	89 	4  	10.4938
111	155   	1002.95	169635     	0.26235  	9956.99    	51.9233	92 	3  	10.6005
112	156   	260.132	4566.71    	0.26235  	882.388    	51.9867	103	3  	10.294 
113	174   	4993.37	678191     	0.26235  	44147      	52.3467	101	3  	10.3971
114	161   	1493.62	257128     	0.26235  	16834.5    	51.0233	93 	3  	10.6781
115	160   	4542.84	836685     	0.26235  	51762.7    	52.09  	103	3  	11.0714
116	165   	2396.38	267338     	0.26235  	21728.4    	51.3933	76 	2  	9.09974
117	177   	1399.34	284420     	0.26235  	16664.4    	50.9833	105	1  	12.5829
118	172   	1370.98	188428     	0.26235  	14590      	50.5633	100	1  	12.8372
119	163   	847.779	169635     	0.26235  	9842.02    	51.5733	98 	2  	11.5174
120	158   	4913.15	1.23696e+06	0.26235  	71922.2    	52.55  	105	2  	10.5313
121	166   	1413.53	172203     	0.26235  	13967.6    	51.66  	86 	6  	9.86396
122	154   	5134.67	782468     	0.26235  	49114.1    	52.1167	106	3  	10.5497
123	182   	2929.41	707670     	0.26235  	40929.3    	51.6967	103	1  	11.2513
124	185   	373.851	18684.6    	0.26235  	1657.36    	51.02  	98 	3  	11.7541
125	181   	4934.55	725115     	0.26235  	45964.1    	49.5867	110	2  	12.3303
126	195   	2451.18	176020     	0.255376 	17088      	50.39  	89 	1  	11.4937
127	170   	5609.46	1.23696e+06	0.26235  	72598.8    	50.6833	100	3  	11.6503
128	154   	1696.5 	284420     	0.26235  	19082.3    	50.7267	92 	5  	10.2068
129	151   	1226.62	284420     	0.26235  	16457.9    	51.9267	104	3  	9.57747
130	168   	1022.97	169635     	0.26235  	10646.2    	50.2667	99 	3  	10.449 
131	198   	6156.04	1.77686e+06	0.26235  	102405     	49.6833	106	2  	11.943 
132	167   	1324.04	186556     	0.26235  	13429.7    	50.88  	102	3  	10.4533
133	184   	2650.5 	284420     	0.26235  	22344.1    	50.0633	81 	3  	11.1268
134	167   	2002.39	211557     	0.26235  	18226      	50.62  	77 	3  	11.4273
135	170   	7329.03	1.77686e+06	0.26235  	103318     	50.57  	102	3  	11.3853
136	165   	804.966	169635     	0.26235  	9804.03    	51.23  	107	3  	10.061 
137	188   	1362.01	171984     	0.26235  	13906.6    	51.2   	95 	3  	11.0583
138	177   	5617.95	1.58234e+06	0.26235  	91194.2    	49.8867	118	3  	14.8596
139	182   	1009.44	169635     	0.26235  	9900.47    	50.1167	98 	1  	13.412 
140	155   	7350.77	1.77686e+06	0.216851 	103342     	50.8933	97 	3  	12.0439
141	162   	1312.66	169635     	0.216851 	13805      	51.5633	83 	3  	9.76077
142	181   	942.823	173568     	0.216851 	10171.5    	51.34  	91 	3  	9.96416
143	180   	399.742	19957.2    	0.216851 	1784.29    	50.7167	88 	3  	10.8552
144	158   	3736.86	837880     	0.216851 	49249.7    	51.2967	108	1  	10.6968
145	163   	1393.26	177687     	0.216851 	14161.9    	51.3867	90 	1  	10.473 
146	162   	1328.83	169635     	0.216851 	13815.3    	52.0833	105	3  	9.49261
147	162   	5980.56	1.23696e+06	0.216851 	73164.6    	51.16  	104	3  	10.6952
148	170   	2032.91	174553     	0.19978  	17209.9    	49.8933	91 	3  	11.1251
149	169   	1510.43	193505     	0.19978  	14303.4    	49.8133	75 	1  	10.934 
150	164   	9519.77	1.77483e+06	0.19978  	110347     	49.82  	99 	3  	9.91905
151	175   	994.878	186826     	0.19978  	10852      	47.8433	99 	2  	12.4656
152	178   	881.076	169635     	0.19978  	9892.73    	49.0733	72 	5  	9.18593
153	155   	5360.78	1.3369e+06 	0.19978  	77786.7    	49.36  	93 	2  	11.2737
154	161   	893.031	137809     	0.19978  	8127.26    	48.9167	75 	3  	10.3899
155	161   	1977.56	169324     	0.19978  	16382.8    	49.1667	74 	1  	10.4588
156	148   	680.501	153751     	0.136143 	8913.84    	50.1267	81 	4  	9.28174
157	151   	3776.22	703481     	0.136143 	43283.9    	51.0733	82 	2  	9.61291
158	139   	458.354	18092.9    	0.136143 	2106.83    	52.0067	99 	3  	8.86303
159	166   	3269.13	710065     	0.106364 	42056.7    	51.6633	85 	2  	9.87336
160	180   	904.841	169978     	0.105546 	9940.62    	52.5367	84 	3  	9.95701
161	153   	4050.3 	782856     	0.105546 	47339      	54.0733	79 	3  	8.75412
162	135   	3381.57	782565     	0.0617379	46114.6    	54.7967	100	4  	10.3603
163	203   	7980.28	1.78087e+06	0.0617379	103931     	53.5233	104	3  	14.8874
164	156   	181.286	4371.28    	0.0617379	676.866    	55.54  	94 	1  	11.391 
165	158   	821.984	186764     	0.0617379	10822.7    	57.7133	89 	3  	10.3938
166	154   	2581.1 	192151     	0.0617379	20109.3    	57.45  	90 	5  	10.9262
167	156   	702.271	168517     	0.0617379	9723.16    	59.4167	89 	3  	9.67693
168	162   	198.675	4211.95    	0.0617379	726.435    	60.34  	95 	1  	12.9673
169	160   	648.561	153445     	0.0617379	8857.12    	62.34  	118	3  	12.2007
170	171   	125.261	4205.57    	0.0617379	581.528    	62.8867	97 	5  	11.2733
171	176   	5379.06	707021     	0.0617379	58302.7    	64.2233	97 	3  	10.7592
172	154   	4079.55	785562     	0.0609157	47271.9    	63.89  	92 	3  	11.0271
173	149   	209.548	10288      	0.0617379	900.358    	63.6133	98 	3  	11.9526
174	186   	32786.8	9.4881e+06 	0.0591612	546960     	63.8267	98 	3  	10.95  
175	174   	4877.29	1.22156e+06	0.056582 	71043.1    	63.6767	122	3  	12.6425
176	186   	1368.52	169170     	0.056582 	13781.4    	63.2267	90 	3  	12.4328
177	156   	584.144	115199     	0.056582 	6692.36    	63.9133	93 	3  	10.4412
178	156   	1384.13	194387     	0.056582 	14830.5    	62.7567	98 	2  	13.4852
179	150   	1814.88	169170     	0.056582 	16828.2    	64.6533	90 	2  	9.74713
180	158   	135.667	4627.8     	0.056582 	611.683    	64.7867	102	5  	9.63161
181	164   	1325.99	171965     	0.056582 	13919.5    	64.7933	96 	3  	9.63244
182	179   	1828.65	169170     	0.056582 	16783.8    	64.5233	92 	8  	10.1033
183	173   	210.276	8153.43    	0.0494133	942.311    	64.7933	89 	3  	10.4328
184	171   	1906.48	175940     	0.0494133	17060.5    	64.68  	92 	3  	12.4066
185	179   	1106.15	168633     	0.0494133	11864      	66.11  	94 	3  	9.72409
186	173   	281.186	18917      	0.0430361	1403.38    	65.9167	86 	4  	11.6772
187	158   	263.82 	17598.2    	0.0445314	1505.94    	67.1567	134	2  	13.5058
188	167   	1336.8 	171716     	0.0445314	13880.1    	69.6433	101	3  	12.1886
189	143   	112.674	12431.9    	0.0437212	824.487    	71.87  	154	3  	13.2136
190	167   	647.278	155042     	0.0358574	8962.48    	74.47  	119	3  	14.0666
191	164   	192.301	20490.6    	0.0358574	1306.08    	76.54  	119	3  	13.3804
192	156   	663.162	169030     	0.0358574	9751.51    	77.8667	116	3  	12.2826
193	159   	646.819	167947     	0.0244734	9686.53    	78.8633	114	3  	11.6998
194	152   	645.595	168831     	0.0244734	9736.72    	79.39  	112	1  	11.7572
195	158   	157.062	4664.8     	0.0244734	670.711    	78.89  	100	4  	12.3574
196	163   	179.229	18070.4    	0.0244734	1180.94    	78.3867	119	1  	15.3183
197	170   	1840.37	169471     	0.0244734	16830.4    	79.9933	129	42 	8.88669
198	160   	4845.07	1.21742e+06	0.0244734	70796.3    	80.0733	164	3  	14.7615
199	165   	115.037	4809.36    	0.0244734	552.364    	79.9833	121	1  	12.3465
200	164   	1328.91	170919     	0.0244734	13859.8    	81.3933	135	6  	13.0667
--------------------------------------------------------------------------------

Best individual:
Required sequence: 2, 8, 20, 28, 50, 82, 126
Actual sequence:   2, 8, 20, 28, 50, 82, 126


Best algorithm: mul(mul(add(add(n, add(add(add(n, sin(n)), sin(add(1, add(add(sin(n), sin(n)), sin(add(n, sin(mul(protected_divide(1, n), cos(add(sin(n), sin(n))))))))))), -1)), add(n, sin(add(add(n, add(add(sin(add(n, sin(mul(protected_divide(add(sin(protected_divide(1, n)), sin(n)), n), cos(add(sin(protected_divide(1, n)), sin(n))))))), sin(add(n, sin(mul(protected_divide(1, n), cos(add(sin(n), sin(n)))))))), -1)), add(n, sin(n)))))), sin(1)), n)

Success!