   	      	                    fitness                    	              size             
   	      	-----------------------------------------------	-------------------------------
gen	nevals	avg     	max    	min     	std    	avg    	max	min	std    
0  	300   	73.5163 	3826.88	6.875   	272.252	3.58667	7  	2  	1.55643
1  	165   	30.6084 	1398.31	6.875   	102.984	3.40333	9  	1  	1.52992
2  	173   	27.3632 	1355.38	6.875   	83.0778	3.56667	12 	1  	1.64486
3  	150   	26.9091 	1411.12	6.625   	100.156	3.52333	13 	1  	1.58202
4  	162   	45.5376 	1411.12	6.625   	172.7  	3.55667	10 	1  	1.55567
5  	189   	30.3988 	1411.12	6.625   	123.919	3.65667	10 	1  	1.76412
6  	180   	25.4817 	1411.12	6.49155 	106.565	4.00667	9  	1  	1.79256
7  	178   	26.0849 	1800.38	6.49155 	116.54 	4.28333	13 	1  	1.92433
8  	171   	151.302 	39654.4	6.49155 	2285.47	4.61333	11 	1  	2.04707
9  	154   	16.8173 	569.875	6.49155 	36.3065	5.15667	13 	1  	2.15842
10 	163   	19.0592 	477.911	6.4315  	38.3333	5.71667	13 	1  	2.20221
11 	159   	14.6313 	88.625 	6.39679 	16.2161	6.09   	17 	1  	2.44033
12 	172   	21.9047 	828.625	6.37821 	55.0818	6.49333	18 	1  	2.50931
13 	154   	140.091 	33808.8	5.15549 	1950.03	6.61   	16 	1  	2.65542
14 	151   	16.1348 	106.627	5.15549 	20.3324	6.82667	18 	1  	2.85715
15 	151   	17.4702 	127.931	5.15549 	21.0846	7.34667	18 	1  	2.90858
16 	177   	37.544  	4991.88	6.10525 	291.237	7.98   	19 	1  	2.9966 
17 	175   	18.3232 	104.375	5.36758 	21.9835	8.91667	23 	2  	3.56039
18 	189   	21.0262 	797.03 	5.36758 	65.6809	9.67667	23 	1  	3.94446
19 	178   	137.592 	37221.6	5.33088 	2144.67	10.7967	25 	1  	4.44919
20 	164   	34.0858 	2949.4 	4.91747 	191.378	12.3367	30 	1  	5.27541
21 	145   	138.102 	36065  	4.29563 	2078.58	13.1533	36 	2  	5.68065
22 	145   	41.3179 	5115.1 	4.29563 	322.667	15.12  	42 	1  	7.04596
23 	160   	12.6386 	150.728	4.29673 	17.6072	17.0233	54 	1  	8.56715
24 	179   	23.4799 	2800.78	3.99265 	166.866	18.5333	58 	1  	9.61885
25 	177   	13.883  	784.375	3.99265 	47.642 	20.7833	54 	2  	10.4882
26 	167   	10.3176 	123.767	3.7011  	16.4288	23.0367	56 	2  	11.9486
27 	143   	9.03862 	88.9022	3.7011  	12.098 	27.0367	78 	1  	13.1124
28 	168   	7.17815 	88.625 	2.83258 	9.03755	29.4   	62 	1  	13.3289
29 	178   	8.47059 	158.837	3.08928 	16.296 	32.62  	71 	2  	14.7556
30 	135   	8.65274 	150.775	3.08928 	16.7461	36.35  	74 	2  	15.1998
31 	172   	8.8893  	153.324	2.65821 	16.3811	39.7867	78 	1  	15.3541
32 	170   	8.61273 	163.593	2.65821 	17.2687	42.43  	93 	2  	17.5825
33 	168   	18.6798 	3583.81	2.30299 	206.519	46.31  	102	2  	17.3655
34 	160   	11.9144 	724.86 	2.30299 	64.3068	50.63  	116	3  	16.8519
35 	160   	12.5271 	788.815	2.30299 	61.5967	55.6467	106	2  	16.5735
36 	172   	5.93378 	118.221	2.28383 	11.5115	60.2967	117	4  	17.1908
37 	154   	4.61829 	88.625 	1.39352 	6.9926 	63.8567	114	1  	17.2713
38 	164   	7.39942 	612.214	1.42017 	42.1103	64.17  	112	1  	16.1805
39 	163   	4.32834 	43.4365	1.41617 	5.56766	63.37  	124	4  	15.1345
40 	155   	4.60819 	76.7115	1.35684 	7.1511 	63.36  	124	2  	18.3251
41 	167   	182.071 	53279.5	0.678792	3070.72	66.47  	116	1  	17.9123
42 	170   	3.37767 	32.7102	0.678792	3.71546	69.79  	123	3  	19.1876
43 	175   	8.30825 	740.653	0.678792	55.292 	72.52  	141	2  	21.4004
44 	155   	9.05719 	1627.11	0.678792	93.8424	78.3733	130	2  	20.4565
45 	146   	3.71489 	101.138	0.665861	9.46363	83.2133	131	4  	20.9076
46 	145   	8.26933 	1597.06	0.678792	92.1674	87.4967	138	4  	16.8362
47 	178   	3.16699 	99.2342	0.663251	8.54369	88.3567	127	5  	16.2744
48 	159   	8.61375 	1331.36	0.486373	77.8954	91.2233	142	1  	16.7823
49 	169   	7.13512 	1411.12	0.663251	81.4458	93.75  	128	4  	14.6203
50 	149   	2.90305 	104.375	0.567725	9.65044	94.2233	182	2  	19.6523
51 	150   	4.8388  	651.112	0.567725	38.2268	96.21  	126	4  	18.8648
52 	160   	1.88491 	32.3698	0.566816	4.36525	101.617	154	3  	13.9598
53 	182   	4.07448 	651.112	0.515558	37.6727	101.5  	133	3  	14.6871
54 	158   	2.28369 	34.2453	0.515558	5.34364	100.917	205	2  	16.658 
55 	154   	2.5097  	88.625 	0.497868	10.2635	101.327	131	2  	16.0156
56 	166   	2.67719 	109.026	0.486789	10.7453	102.553	130	2  	14.7418
57 	160   	1.6653  	33.7771	0.486789	3.80332	102.673	130	34 	12.5073
58 	182   	226.918 	67240  	0.418638	3875.48	104.347	129	2  	14.0601
59 	183   	1.95552 	58.2204	0.418638	5.41992	104.457	139	8  	15.6321
60 	160   	2.90107 	88.625 	0.476853	9.89521	104.503	143	2  	17.1308
61 	171   	2.17739 	86.6561	0.476853	6.98713	104.887	143	5  	16.4803
62 	174   	1.94402 	88.625 	0.471594	6.12923	105.707	139	2  	14.2181
63 	144   	2.09704 	75.9976	0.469852	6.29499	103.757	145	4  	17.2226
64 	177   	2.01373 	78.5105	0.469852	6.17803	103.67 	158	1  	16.3732
65 	165   	1.81143 	88.625 	0.446019	6.32003	105.027	135	2  	13.61  
66 	176   	2.20717 	79.4439	0.446019	6.71254	103.517	141	4  	15.7392
67 	177   	2.43169 	93.9672	0.446019	7.58271	102.677	144	2  	18.4003
68 	166   	1.56012 	32.4134	0.447241	3.91033	106.087	132	12 	11.5169
69 	173   	2.85096 	236.078	0.451704	15.2853	104.533	132	2  	16.3864
70 	176   	2.76092 	88.625 	0.451704	8.09437	104.027	139	2  	17.3464
71 	158   	4.59004 	722.715	0.401961	42.3392	103.337	125	1  	17.3137
72 	165   	3.77577 	598.178	0.401961	35.1423	103.403	132	2  	15.7966
73 	179   	1.72131 	88.625 	0.406248	6.13586	103.25 	145	2  	16.4252
74 	177   	2.7311  	88.625 	0.406248	8.84924	103.013	127	2  	18.3666
75 	160   	1.55804 	29.7434	0.402785	4.18146	105.397	148	3  	13.6313
76 	168   	1.55098 	29.7434	0.402785	3.83734	104.757	133	7  	13.5422
77 	164   	1.90793 	88.625 	0.402785	6.47286	104.66 	149	1  	15.4624
78 	170   	2.107   	88.625 	0.402785	6.73967	104.43 	131	2  	16.8031
79 	166   	2.09651 	88.625 	0.394807	7.01618	105.74 	149	2  	13.8516
80 	179   	2.71935 	104.375	0.394807	9.38665	102.507	144	2  	18.5879
81 	169   	1.84816 	88.625 	0.394807	6.78298	103.263	128	2  	15.1568
82 	165   	2.38244 	122.125	0.394807	9.76443	102.43 	143	2  	14.9899
83 	183   	2.30711 	88.625 	0.394807	8.35322	101.693	132	2  	15.8505
84 	165   	1.80447 	88.625 	0.394807	6.74698	101.28 	129	1  	16.47  
85 	164   	6.71495 	1411.12	0.371005	81.4207	101.137	128	4  	14.5547
86 	157   	1.57976 	39.5229	0.305538	4.4259 	101.54 	135	7  	14.3039
87 	192   	1.9261  	73.501 	0.35494 	5.79107	100.92 	139	4  	16.7597
88 	152   	57.6218 	16781.5	0.371005	967.187	103.407	137	3  	12.9823
89 	184   	1.74437 	88.625 	0.371005	6.10637	103.843	137	2  	14.8481
90 	158   	1.54685 	34.5186	0.371005	4.31108	103.527	144	3  	16.6728
91 	132   	1.51518 	88.625 	0.371005	6.03162	105.517	134	2  	11.8559
92 	159   	2.20811 	105.639	0.367572	7.8337 	103.837	135	4  	15.141 
93 	159   	1.82307 	88.625 	0.367572	6.7511 	105.31 	147	2  	14.505 
94 	182   	2.32358 	94.7344	0.367572	8.43315	103.793	125	2  	16.3822
95 	157   	2.14042 	99.8389	0.367572	8.37854	103.72 	214	2  	16.9557
96 	150   	2.18842 	88.625 	0.367572	8.15445	101.973	149	2  	17.5951
97 	154   	1.89822 	88.625 	0.367572	7.8308 	102.75 	137	2  	15.4773
98 	180   	2.47011 	88.625 	0.349874	8.31849	103.783	150	2  	15.4304
99 	152   	2.16662 	88.625 	0.349874	8.32969	104.267	137	1  	18.2546
100	153   	2.01354 	88.625 	0.349874	7.13757	105.43 	138	2  	16.8047
101	172   	2.81571 	88.625 	0.349874	10.2398	105.173	148	2  	18.9783
102	153   	1.99822 	98.3851	0.349874	7.54158	108.147	135	5  	15.1896
103	155   	1.67803 	88.625 	0.349874	6.43707	109.837	137	1  	16.8249
104	154   	1.8719  	72.5959	0.349874	6.5311 	111.507	141	7  	15.4845
105	183   	6.10445 	1390.55	0.348309	80.1687	116.133	163	59 	11.8949
106	169   	1.82997 	75.8285	0.328995	6.0559 	116.94 	144	2  	16.941 
107	175   	10.903  	2876.59	0.328995	165.772	117.897	148	6  	16.3393
108	181   	1.90604 	88.625 	0.328995	6.70013	120.043	147	2  	16.1702
109	156   	2.40211 	88.625 	0.328995	9.51249	121.897	153	2  	17.7683
110	160   	1.58086 	39.8216	0.328995	4.79032	124.79 	160	19 	15.0687
111	179   	1.63077 	30.3906	0.319447	4.34226	126.76 	157	2  	20.6624
112	143   	1.52792 	88.625 	0.319447	6.25696	130.463	159	2  	19.7628
113	170   	5.74892 	1129.04	0.319447	65.6812	133.767	169	2  	21.2228
114	176   	4.7931  	1083.16	0.315692	62.4626	136.833	183	2  	20.1304
115	196   	1.52802 	88.625 	0.315692	5.96297	138.78 	183	2  	16.0461
116	185   	13.1614 	2876.21	0.315692	169.533	139.16 	181	2  	17.0459
117	164   	1.2465  	30.4227	0.314169	3.62189	140.233	181	64 	13.1888
118	180   	1.50656 	88.625 	0.314169	6.23482	138.15 	167	2  	21.6847
119	143   	1.32379 	29.3746	0.312108	3.70878	139.077	167	3  	18.16  
120	161   	0.964021	30.125 	0.259205	2.90712	140.57 	185	2  	14.3879
121	163   	2.08855 	89.6311	0.259205	9.54934	139.59 	169	2  	16.3269
122	165   	1.31026 	40.2096	0.259205	4.23852	139.58 	169	4  	14.3596
123	171   	1.24549 	75.9976	0.259205	4.94499	138.24 	172	2  	17.3914
124	187   	1.4605  	26.986 	0.259205	3.85911	136.827	184	4  	20.0467
125	176   	2.01851 	107.293	0.259205	7.82041	136.15 	179	4  	20.3472
126	162   	1.58825 	44.4109	0.259205	4.62955	137.257	162	1  	18.6348
127	172   	1.41458 	38.875 	0.259205	4.28121	137.1  	172	4  	17.0128
128	156   	0.989186	30.125 	0.259205	2.91264	138.703	158	2  	13.9191
129	174   	1.91433 	88.625 	0.259205	7.39151	138.923	186	2  	16.2802
130	165   	1.20619 	88.625 	0.259205	5.66295	139.243	187	2  	15.8282
131	172   	1.58403 	38.1718	0.259205	5.21928	140.333	171	44 	13.2844
132	156   	5.29687 	1138.38	0.259205	65.8412	141.07 	180	2  	18.4045
133	162   	1.43648 	51.9056	0.259205	4.90641	141.063	162	2  	21.3065
134	167   	5.75645 	719.835	0.259205	54.9391	143.55 	192	2  	19.3229
135	175   	1.28504 	88.625 	0.255477	5.87232	145.02 	189	2  	19.801 
136	146   	1.35444 	36.7081	0.255477	4.37535	144.867	180	3  	19.5162
137	153   	1.24464 	34.5031	0.25362 	4.03425	146.46 	174	3  	19.5558
138	152   	1.28097 	32.2342	0.25362 	4.12453	146.703	166	4  	16.3883
139	157   	1.37635 	26.4573	0.25362 	4.05829	145.443	180	5  	17.5587
140	164   	1.34439 	96.9184	0.247602	6.56594	147.253	172	4  	12.9585
141	192   	11.8344 	2914.43	0.247602	168.102	143.807	189	1  	23.2474
142	163   	3.2994  	609.402	0.245461	35.507 	144.353	196	2  	18.212 
143	169   	1.08379 	72.5959	0.245461	5.11287	147.6  	192	15 	13.5654
144	174   	2.46978 	104.375	0.245739	10.364 	145.22 	193	4  	19.8472
145	175   	1.907   	89.0779	0.245739	9.06958	145.503	192	3  	18.5389
146	160   	2.15996 	229.625	0.245739	14.3652	145.133	200	4  	18.7521
147	175   	1.1083  	30.4702	0.245739	3.43809	147.697	173	99 	8.3601 
148	146   	1.65728 	104.375	0.245739	8.45484	145.623	194	2  	18.0226
149	159   	10.7378 	2829.45	0.245739	163.121	143.217	174	4  	23.1585
150	162   	2.65662 	346.462	0.245739	21.397 	145.793	174	2  	15.8715
151	165   	0.894913	71.1995	0.244436	4.25189	148.15 	188	60 	11.4566
152	148   	1.04586 	88.5447	0.239196	5.52003	147.85 	174	2  	13.9986
153	160   	1.61503 	95.9345	0.239196	6.75404	148.213	215	1  	17.7541
154	146   	1.18091 	27.3674	0.239196	3.86949	147.973	175	3  	20.3142
155	162   	3.07021 	540.791	0.239196	31.5914	151.367	180	6  	12.82  
156	173   	1.2721  	36.2501	0.239196	4.31949	150.533	200	5  	13.9486
157	158   	5.45412 	828.625	0.239196	50.0136	145.95 	181	2  	25.044 
158	184   	1.38818 	24.7841	0.239196	3.67764	146.83 	204	3  	19.3407
159	161   	1.52647 	59.6137	0.232697	5.5176 	147.427	184	7  	14.6817
160	153   	0.92437 	33.3813	0.232697	2.96753	146.6  	199	7  	15.6984
161	180   	1.80316 	103.937	0.232697	8.6677 	144.293	204	4  	21.4514
162	149   	0.742818	19.2026	0.232697	1.90669	147.847	204	60 	10.695 
163	162   	1.30084 	88.625 	0.232289	6.10877	145.603	172	2  	18.5528
164	175   	1.23262 	32.6956	0.232289	3.90364	144.53 	162	3  	19.0593
165	157   	1.23115 	46.4283	0.232289	4.53586	145.633	174	4  	15.6454
166	167   	1.35428 	30.7876	0.232289	4.37588	145.26 	184	4  	15.4194
167	178   	1.00754 	34.5895	0.232289	3.25669	147.75 	165	92 	8.94581
168	146   	1.46313 	88.625 	0.232645	7.68048	146.707	165	2  	16.427 
169	175   	2.02937 	117.748	0.232645	10.7419	145.52 	177	2  	17.6647
170	178   	1.42818 	88.625 	0.232645	6.3378 	146.377	168	2  	13.092 
171	165   	1.57267 	78.066 	0.232645	6.59821	144.64 	204	8  	17.634 
172	154   	1.28706 	74.875 	0.232645	5.50584	143.123	171	4  	19.9642
173	176   	1.16231 	83.6866	0.232645	5.46674	142.813	199	4  	18.394 
174	154   	1.33523 	33.5562	0.232645	4.43294	142.94 	184	6  	15.621 
175	180   	1.55133 	35.1935	0.232645	4.74315	141.71 	172	4  	18.9814
176	156   	746.814 	223782 	0.232645	12898.4	142.867	163	13 	14.1356
177	181   	1.50981 	94.1004	0.229039	6.58797	141.887	175	4  	17.8038
178	164   	1.71193 	74.875 	0.229039	6.33028	141.483	171	6  	17.1167
179	144   	0.955553	28.4252	0.229039	3.03538	142.83 	174	1  	13.3139
180	154   	10.9829 	2878.5 	0.229039	166.037	143.21 	174	7  	15.1076
181	159   	1.87984 	88.625 	0.229039	8.49092	142.377	163	3  	17.0192
182	173   	1.15883 	26.2087	0.229039	3.31741	141.243	188	2  	20.0741
183	165   	1.45394 	30.3703	0.229039	4.4667 	142.587	188	4  	17.5399
184	185   	1.78078 	91.8183	0.229039	6.87919	140.037	186	1  	21.0774
185	163   	2.02196 	88.625 	0.229039	8.20466	142.013	173	2  	15.6122
186	158   	3.45889 	727.36 	0.228701	41.996 	141.62 	180	4  	15.2758
187	155   	1.5388  	88.625 	0.228701	6.58272	140.353	190	2  	16.0053
188	160   	1.67807 	97.0152	0.227852	8.30465	139.177	166	4  	17.1125
189	184   	0.907224	26.2296	0.227852	2.73561	139.423	168	4  	17.0635
190	142   	1.32932 	88.625 	0.227852	6.9447 	140.09 	169	2  	13.5352
191	183   	1.26107 	26.0323	0.227852	3.6979 	140.347	185	13 	14.1233
192	147   	1.2644  	96.4015	0.227852	7.19274	140.477	160	4  	12.7573
193	166   	0.910033	24.8559	0.223801	2.71816	140.183	193	3  	16.1486
194	169   	2.11586 	88.625 	0.226813	8.47577	138.633	168	2  	21.8917
195	155   	1.71595 	187.362	0.226813	11.2974	141.627	163	4  	12.9584
196	192   	1.57768 	37.3984	0.226813	4.63235	140.23 	164	4  	17.85  
197	145   	1.43765 	88.625 	0.226813	6.16313	141.98 	168	2  	15.8749
198	183   	1.28928 	88.625 	0.226813	5.78911	142.673	180	2  	14.0911
199	165   	1.63469 	103.232	0.226813	8.14538	140.593	171	1  	21.8248
200	158   	1.28918 	88.625 	0.226633	6.08214	141.997	169	2  	18.4269
--------------------------------------------------------------------------------

Best individual:
Required sequence: 1, 0, 0, 1, 2, 1, 6, 12, 46, 92, 341, 1787, 9233, 45752, 285053, 1846955, 11977939, 83263591, 621012754, 4878666808, 39333324973, 336376244042, 3029242658210, 28439272956934, 275986683743434, 2789712466510289, 29363495934315694
Actual sequence:   1, 0, 0, 1, 2, 2, 6, 11, 8, 8, 7, 10, 12, 17, 15, 13, 14, 15, 20, 22, 20, 21, 22, 24, 25, 27, 26


Best algorithm: neg(sub(1, sub(sub(sub(sub(n, sin(protected_divide(sub(n, sin(protected_divide(sub(n, sin(n)), sub(sub(n, cos(n)), sin(protected_divide(n, neg(sin(n)))))))), sin(protected_divide(sub(n, protected_divide(mul(protected_divide(n, n), protected_divide(-1, protected_divide(n, sub(n, sin(n))))), n)), sub(1, sub(n, sin(protected_divide(sub(n, protected_divide(n, n)), n))))))))), sin(protected_divide(sub(n, cos(n)), sin(protected_divide(sub(n, protected_divide(n, sub(n, sin(protected_divide(n, sub(n, cos(cos(1)))))))), n))))), sin(protected_divide(sub(n, cos(n)), sub(sin(n), neg(sin(-1)))))), sin(protected_divide(sub(n, protected_divide(n, protected_divide(sub(n, sub(n, sin(cos(cos(1))))), sub(sin(cos(1)), neg(sin(n)))))), sub(sub(n, sin(protected_divide(sub(n, protected_divide(n, sub(n, cos(n)))), n))), cos(protected_divide(n, protected_divide(sub(n, sub(n, 1)), sub(sin(cos(sub(n, cos(n)))), neg(sin(n))))))))))))

Failed!