   	      	                    fitness                    	              size             
   	      	-----------------------------------------------	-------------------------------
gen	nevals	avg     	max    	min      	std    	avg    	max	min	std    
0  	300   	177.416 	3032.88	2.625    	297.885	3.71667	7  	2  	1.48875
1  	164   	108.142 	3032.88	2.02584  	186.142	3.75667	11 	1  	1.61579
2  	157   	75.0073 	2428.88	2.02584  	183.998	3.96667	12 	1  	1.6849 
3  	161   	61.9938 	3592.62	2.02584  	257.836	4.41333	13 	1  	2.03367
4  	172   	34.5363 	3032.88	1.85903  	185.943	4.46   	14 	1  	1.85699
5  	166   	23.9207 	1553.38	1.85903  	107.778	4.82   	13 	1  	1.85318
6  	153   	21.4497 	2524.12	1.85903  	147.863	5.16333	11 	1  	1.7767 
7  	164   	18.2349 	144.985	1.83711  	32.5606	5.65   	12 	1  	1.73229
8  	156   	21.8566 	1057.38	1.80159  	88.4542	6.21333	15 	2  	1.92557
9  	146   	12.575  	150.794	1.80159  	25.246 	6.55333	16 	1  	1.94092
10 	195   	20.8726 	492.766	1.80159  	42.839 	6.97667	15 	1  	2.15626
11 	144   	10.4952 	148.625	1.68668  	23.4975	7.30333	17 	1  	2.18586
12 	164   	12.6424 	267.625	1.68668  	28.3976	7.86   	21 	1  	2.30226
13 	158   	22.456  	1965.62	1.63825  	124.538	8.74333	28 	1  	3.16504
14 	166   	17.668  	1057.38	1.50188  	66.6733	9.85667	25 	2  	3.76069
15 	172   	12.38   	170.875	1.50188  	24.104 	10.9667	26 	1  	3.91308
16 	166   	11.471  	159.418	1.50188  	22.1832	11.69  	28 	1  	4.48113
17 	168   	17.6977 	1166.9 	1.4804   	73.2757	11.6133	29 	1  	4.11629
18 	156   	18.6429 	1467.07	1.4804   	94.3526	11.69  	24 	1  	3.95482
19 	155   	18.2511 	1965.62	1.4804   	122.471	12.28  	30 	1  	4.09654
20 	172   	9.16099 	235.547	1.42965  	25.0061	13.2933	32 	1  	4.54393
21 	163   	194.996 	55439.7	1.29485  	3194.98	14.0933	35 	1  	5.01444
22 	160   	11.1368 	243.787	1.17553  	26.7133	15.2867	32 	2  	4.99244
23 	171   	13.4312 	1059.05	1.17553  	65.5458	16.6767	36 	1  	5.45883
24 	144   	10.4513 	1035.83	1.09814  	61.8589	18.8633	39 	1  	6.2138 
25 	158   	5.58049 	148.625	1.09904  	14.8846	20.6967	48 	1  	6.95447
26 	173   	189.146 	53185.7	1.09904  	3065.92	22.1267	46 	4  	7.45368
27 	153   	5.87214 	124.818	0.698376 	17.9766	24.5233	53 	1  	8.7149 
28 	163   	12.0802 	1017.97	0.698376 	84.9571	26.84  	65 	2  	10.5594
29 	158   	16.2792 	1048.83	0.698376 	102.979	29.31  	59 	6  	9.3901 
30 	185   	14.0617 	849.204	0.698376 	89.4252	29.9733	63 	1  	10.7185
31 	164   	12.8854 	1048.26	0.698376 	82.7377	32.5333	69 	3  	11.0089
32 	159   	268.273 	76808.6	0.698376 	4427.33	32.7933	72 	3  	11.109 
33 	154   	13.2956 	1048.99	0.687028 	87.4706	32.5433	72 	1  	12.0985
34 	154   	610.545 	181010 	0.660257 	10432.8	31.63  	73 	2  	10.9499
35 	162   	14.0257 	755.351	0.63303  	75.6416	30.5633	73 	1  	9.47449
36 	179   	14.7121 	1060.42	0.586966 	79.7428	29.55  	94 	3  	9.63505
37 	154   	7.61897 	755.351	0.360095 	45.7892	29.8533	67 	3  	8.88023
38 	153   	69.8294 	15539.9	0.360095 	902.018	30.6667	66 	1  	10.1112
39 	165   	18.887  	1965.62	0.360095 	134.81 	32.3533	78 	2  	12.1694
40 	184   	15.7216 	1066   	0.360095 	86.9427	36.6933	79 	3  	13.2239
41 	162   	18.3351 	1953.15	0.352693 	128.505	40.7367	83 	4  	13.698 
42 	166   	7.46883 	719.875	0.352693 	46.32  	43.7433	103	5  	14.1994
43 	154   	18.0295 	1114   	0.352693 	116.387	44.1767	88 	10 	14.0932
44 	182   	29.8043 	1542.15	0.241987 	156.01 	43.7467	97 	7  	14.8982
45 	184   	36.4012 	1466.73	0.241987 	175.074	42.0833	91 	3  	17.1848
46 	169   	25.5142 	824.54 	0.241987 	124.69 	42.0333	110	1  	17.9367
47 	173   	16.7614 	1066   	0.241987 	105.592	41.3367	91 	5  	16.2703
48 	153   	23.4842 	1110.12	0.241987 	128.102	36.77  	91 	3  	14.1236
49 	171   	23.5594 	1066   	0.241987 	118.478	36.0933	91 	2  	13.1536
50 	162   	18.5203 	803.696	0.241987 	88.2752	35.4767	98 	1  	11.9606
51 	181   	16.9742 	791.69 	0.229624 	80.4826	37.22  	81 	1  	12.0573
52 	156   	20.4873 	1081.64	0.229624 	116.901	38.2267	83 	3  	12.2497
53 	153   	14.4143 	791.69 	0.229624 	79.2107	38.1867	98 	2  	11.3337
54 	192   	16.561  	1047.15	0.186076 	92.6438	37.89  	81 	3  	11.5163
55 	171   	16.2315 	1021.86	0.186076 	89.6945	39.5833	89 	3  	13.4051
56 	164   	25.9653 	1081.64	0.186076 	143.605	39.7967	81 	3  	12.4275
57 	148   	12.8532 	791.69 	0.138538 	78.7073	39.69  	79 	8  	10.5815
58 	183   	10.4938 	1071.69	0.138538 	78.9953	39.8967	92 	3  	11.0003
59 	158   	13.225  	1034.6 	0.138538 	76.494 	39.27  	76 	3  	10.1132
60 	168   	16.3115 	1069.07	0.138538 	98.2872	40.9333	77 	3  	9.20302
61 	160   	20.4121 	1090.42	0.138538 	118.629	41.0167	78 	1  	9.45638
62 	175   	11.0932 	1076.46	0.138538 	76.7919	42.5033	83 	3  	11.3911
63 	166   	6.227   	112.016	0.138538 	18.4323	43.9667	83 	1  	10.2355
64 	159   	11.7909 	769.62 	0.138538 	68.7853	45.3967	93 	1  	12.3147
65 	160   	7.81677 	1073.5 	0.130043 	63.4981	46.41  	92 	3  	12.3721
66 	169   	11.434  	1070.42	0.136175 	89.6469	48.2167	92 	3  	11.3294
67 	166   	11.4963 	789.071	0.132218 	76.5776	49.3767	109	1  	10.797 
68 	174   	21.762  	1078.45	0.132218 	117.943	48.3367	84 	1  	10.8156
69 	154   	6.4296  	789.071	0.132218 	48.3724	49.05  	82 	3  	8.94879
70 	160   	23.5988 	5070.64	0.132218 	296.006	47.94  	99 	3  	10.7395
71 	161   	16.5465 	1078.45	0.114667 	108.264	48.6433	86 	1  	9.44825
72 	193   	31.5923 	5081.3 	0.130043 	305.585	48.1767	96 	3  	11.7223
73 	187   	11.5764 	1044.18	0.130043 	76.052 	48.93  	96 	3  	10.5372
74 	170   	8.64579 	1048.49	0.130043 	62.6581	48.5833	95 	3  	11.1393
75 	165   	10.0217 	775.828	0.130043 	67.2265	49.5367	99 	1  	10.6459
76 	189   	8.87328 	807.142	0.130043 	64.9639	50.3367	96 	6  	11.8941
77 	166   	15.5966 	1071.69	0.130043 	101.152	51.8767	88 	1  	11.7119
78 	171   	12.9693 	803.131	0.130043 	80.9463	53.5433	91 	14 	11.3632
79 	157   	10.9123 	1071.3 	0.12799  	69.6615	53.19  	96 	3  	12.3785
80 	144   	4.02606 	296.875	0.126978 	19.5554	55.5633	102	1  	10.0899
81 	166   	3.78924 	151.435	0.124372 	16.2208	55.8667	98 	3  	11.4886
82 	160   	8.50956 	775.531	0.124372 	63.4464	55.4467	101	6  	12.49  
83 	170   	12.3409 	789.139	0.123648 	77.1956	56.2767	107	3  	12.4515
84 	185   	8.01811 	1044.14	0.123648 	63.7071	56.81  	93 	3  	11.1206
85 	157   	4.09623 	222.339	0.123648 	20.8003	57.3167	93 	1  	12.8048
86 	166   	5.76053 	805.856	0.123648 	47.8356	58.6267	113	3  	12.9466
87 	167   	14.4357 	1246.01	0.122486 	101.345	60.77  	113	3  	13.7224
88 	153   	11.7361 	1435.15	0.122367 	95.9575	63.56  	113	3  	13.5356
89 	165   	10.8963 	789.343	0.122445 	77.5528	65.6067	113	3  	14.3238
90 	165   	7.12404 	719.875	0.120178 	52.7236	67.2133	115	3  	15.9136
91 	192   	12.8995 	1078.97	0.104084 	90.7183	69.58  	112	5  	13.5655
92 	169   	16.0277 	794.507	0.104084 	96.0242	68.9967	110	3  	14.5014
93 	175   	13.2371 	1571   	0.104084 	110.524	69.0667	116	3  	14.198 
94 	174   	18.3423 	1235.02	0.104084 	124.191	68.5767	124	3  	13.9005
95 	163   	11.8067 	1246.01	0.104084 	95.8688	67.51  	129	3  	15.0834
96 	168   	11.2901 	1246.01	0.104084 	84.7987	66.59  	121	3  	15.6385
97 	154   	13.8603 	1072.19	0.104084 	98.6789	67.8467	115	4  	15.4012
98 	156   	7.16923 	1071.69	0.104084 	63.7129	68.31  	116	3  	15.112 
99 	190   	16.9948 	1908.27	0.103542 	135.294	69.6133	128	2  	17.3374
100	153   	18.0209 	1384.76	0.103082 	126.997	73.1233	133	14 	13.5568
101	170   	6.91218 	280.294	0.101672 	31.99  	71.3533	132	1  	14.759 
102	178   	197.806 	50911.1	0.10126  	2948.9 	69.59  	123	3  	16.5657
103	171   	9.50598 	1820.1 	0.0964652	106.153	70.6067	108	5  	13.5432
104	163   	5.0688  	765.359	0.0964652	46.5838	70.6533	114	3  	12.5597
105	148   	2.6742  	100.003	0.0944834	11.5259	71.1167	125	4  	13.79  
106	171   	4.91838 	654.913	0.0944834	43.0065	72.73  	109	5  	12.1963
107	148   	4.53349 	803.844	0.0944834	47.1647	73.2433	132	14 	13.9163
108	158   	5.7185  	755.351	0.0944834	48.915 	73.85  	122	14 	13.51  
109	176   	7.85172 	1091.94	0.0944834	72.1483	75.7   	125	3  	14.6866
110	164   	17.099  	1241.86	0.0944834	121.831	77.8933	126	3  	14.771 
111	189   	1.56057 	38.6876	0.0936302	5.70092	79.1167	142	14 	14.1604
112	167   	7.9964  	794.845	0.0935186	62.6588	79.2867	112	3  	16.2714
113	187   	9.572   	1262.07	0.0935186	85.9097	80.4767	150	3  	16.4921
114	158   	6.09672 	1232.6 	0.0935186	71.7286	81.1967	135	5  	14.6177
115	153   	3.31724 	209.169	0.0935186	17.2029	80.38  	134	1  	16.7438
116	169   	9.35867 	1077.51	0.0891869	88.2103	80.0667	134	3  	14.991 
117	172   	12.181  	1050.24	0.0891869	90.3439	78.8733	136	3  	16.2435
118	165   	5.9125  	801.779	0.0891869	47.4162	79.2633	135	14 	15.7939
119	176   	9.07941 	1246.01	0.0891869	85.0951	78.7567	163	1  	15.7587
120	155   	10.8173 	1084.62	0.0891869	88.0159	78.9033	130	1  	14.0205
121	162   	5.80231 	781.019	0.0891869	48.0951	79.3267	132	3  	13.7349
122	176   	3.18232 	115.868	0.0891869	13.9686	77.0833	146	3  	15.8763
123	164   	11.5125 	1242.93	0.0891869	99.2159	76.5733	139	3  	14.8942
124	164   	4.96298 	755.351	0.0891869	45.1369	74.8633	126	3  	15.977 
125	169   	15.0856 	2402.9 	0.0891869	146.653	74.2133	113	1  	14.1259
126	168   	4.8845  	267.625	0.0891869	26.7286	73.0133	134	2  	16.0945
127	157   	13.1212 	1247.31	0.0891869	105.743	74.7   	125	5  	11.5113
128	162   	9.24063 	1076.23	0.0891869	78.149 	73.11  	136	3  	14.9027
129	154   	14.4466 	1114.57	0.0891869	108.736	74.0267	134	14 	11.5421
130	180   	11.9246 	793.637	0.0891869	78.8582	72.62  	130	2  	15.2386
131	151   	6.40175 	755.351	0.0891869	48.2388	72.74  	116	3  	14.2793
132	183   	2.73124 	114.073	0.0891869	11.9142	72.69  	134	3  	14.5054
133	170   	12.3496 	1246.01	0.0891869	94.8364	71.7667	113	1  	14.5837
134	151   	10.2672 	802.542	0.0891869	78.7791	73.3533	98 	7  	11.35  
135	161   	8.76072 	1049.21	0.0891869	75.9013	72.29  	136	3  	15.3885
136	178   	17.8717 	1111.08	0.0891869	117.66 	72.2   	136	1  	15.9516
137	166   	11.3223 	1234.02	0.0891869	87.2138	71.98  	111	3  	14.2438
138	152   	3.9651  	246.598	0.0891869	22.2213	72.5433	91 	16 	11.1843
139	169   	6.74515 	1076.32	0.0891869	63.3971	71.33  	128	1  	15.8476
140	156   	8.25617 	1071.69	0.0891869	77.1925	72.05  	116	3  	13.1907
141	177   	13.0016 	1079.41	0.0891869	101.232	71.91  	116	3  	13.8223
142	171   	6.60043 	719.875	0.0891869	51.8518	73.38  	132	4  	12.1198
143	158   	7.16211 	1071.69	0.0891869	64.0504	71.15  	116	3  	14.6565
144	162   	7.48802 	1093.24	0.0891869	65.9129	71.6633	113	1  	12.9547
145	187   	5.48596 	755.351	0.0891869	45.1482	70.9433	147	3  	17.0088
146	158   	11.0595 	1417.81	0.0891869	95.412 	72.0233	116	3  	15.0043
147	166   	16.682  	1122.77	0.0891869	102.738	72.6233	143	3  	14.962 
148	142   	10.0906 	1437.48	0.0891869	95.0708	71.5833	107	3  	12.5766
149	177   	10.749  	1076.32	0.0891869	88.13  	71.7   	109	5  	11.565 
150	164   	13.3007 	1116.09	0.0891869	101.903	70.7533	113	4  	13.0458
151	177   	13.163  	1071.69	0.0891869	100.106	70.9733	143	3  	12.277 
152	170   	16.8539 	1114.57	0.0891869	118.865	69.42  	136	3  	12.8436
153	162   	11.0098 	1114.57	0.0866241	91.1749	70.0267	125	14 	11.2101
154	180   	6.73065 	793.637	0.0866241	64.8623	69.6867	106	14 	9.95566
155	155   	18.4074 	1431.88	0.0866241	128.011	68.7233	131	5  	13.9076
156	136   	2.77789 	221.783	0.0866241	16.8975	69.8733	139	2  	12.5187
157	173   	9.95228 	1078.82	0.0866241	89.2425	69.3733	127	3  	13.1284
158	153   	11.6004 	1140.83	0.0866241	102.047	70.42  	128	1  	13.844 
159	164   	9.38626 	1145.18	0.0866241	91.1695	71.9467	128	5  	11.4393
160	182   	10.2039 	1553.38	0.0866241	99.4989	69.4667	127	1  	17.3394
161	178   	8.78918 	772.468	0.0866241	65.2932	72.0367	143	1  	15.9709
162	143   	9.23532 	793.76 	0.0866241	78.5173	75.1667	111	2  	12.7124
163	176   	249.601 	72221.9	0.0866241	4162.99	75.9533	118	1  	14.7306
164	164   	1.46368 	100.493	0.0863932	9.9007 	78.95  	139	3  	14.1704
165	153   	7.87863 	1114.57	0.0863932	76.7949	79.81  	123	3  	12.9792
166	168   	12.2888 	1076.48	0.0863932	96.4642	80.9533	130	3  	13.9813
167	155   	1.61604 	93.9757	0.0863932	7.68624	81.3633	130	12 	12.2754
168	198   	6.56204 	786.022	0.0863932	63.1103	81.6633	128	2  	13.568 
169	155   	2.7325  	222.95 	0.0863932	17.3946	83.3433	102	14 	7.89338
170	144   	4.01842 	752.886	0.0863932	45.3663	82.1267	137	3  	13.2795
171	168   	1.0616  	30.875 	0.0863932	4.37933	83.1967	137	3  	13.0332
172	158   	1.24771 	48.967 	0.0863932	5.65331	82.4767	106	4  	14.1594
173	169   	6.30411 	779.99 	0.0863932	63.5885	84.2767	138	3  	12.5579
174	156   	1.07479 	84.3026	0.0863932	6.28798	84.3167	130	1  	12.1401
175	172   	4.77371 	1076.22	0.0863932	62.3286	83.1333	139	3  	15.2071
176	168   	0.966674	32.5489	0.0863932	4.31128	82.9033	135	3  	15.09  
177	153   	9.6751  	1083.4 	0.0863932	89.4776	83.6933	105	3  	13.3526
178	176   	7.89866 	1071.69	0.0863932	87.2108	83.3333	167	3  	16.2202
179	169   	1.60112 	106.347	0.0863932	8.01596	83.3267	160	11 	14.8983
180	174   	3.37668 	779.135	0.0863932	44.9963	83.3967	118	3  	12.714 
181	131   	3.25435 	719.875	0.0863932	41.6224	83.4833	118	5  	12.6218
182	156   	9.62024 	1083.4 	0.0863932	87.7557	83.7867	145	3  	13.5118
183	181   	5.46886 	1241.71	0.0863932	71.9706	82.9233	119	3  	13.5464
184	155   	5.88425 	1109.85	0.0863932	65.7209	82.9867	109	3  	13.4922
185	165   	0.728878	30.758 	0.0850483	3.48039	82.3733	111	3  	13.4177
186	156   	8.49281 	1154.01	0.0850483	80.7133	83.41  	137	3  	12.4299
187	164   	1.12868 	38.2834	0.0850483	5.09949	82.5867	137	9  	13.8097
188	164   	9.01404 	779.99 	0.0850483	76.6872	83.6833	137	3  	14.1005
189	181   	9.94223 	1234.26	0.0850483	96.9406	84.6433	127	3  	15.2238
190	170   	5.20247 	793.553	0.0850483	47.9684	85.15  	135	3  	14.9171
191	175   	1.22843 	101.018	0.0849254	8.31913	87.2367	143	11 	13.9583
192	177   	15.1969 	1452.85	0.0849254	126.849	88.8267	116	3  	14.1545
193	151   	5.55325 	1076.22	0.0849254	62.9082	91.34  	117	1  	13.6139
194	159   	4.15431 	772.434	0.0816075	45.2946	92.07  	147	2  	17.9573
195	163   	7.54278 	1083.72	0.0816075	76.2965	93.45  	142	3  	17.5157
196	188   	8.11003 	1071.7 	0.0816075	75.9444	93.2233	142	3  	17.7449
197	171   	3.70204 	558.668	0.0816075	33.164 	93.5033	146	3  	17.0146
198	151   	1.8297  	128.375	0.0816075	10.9873	94.7967	145	8  	14.4717
199	181   	2.55396 	236.982	0.0816075	15.9583	93.4067	138	5  	15.9577
200	173   	6.04784 	1050.02	0.0816075	61.5805	92.44  	134	3  	16.1359
--------------------------------------------------------------------------------

Best individual:
Required sequence: 2, 3, 5, 7, 11, 13, 17, 19, 23, 29
Actual sequence:   1.9954618934645985, 3.0506214421047906, 5.071999345902171, 6.827217521676715, 11.015262461128895, 13.535090262209724, 16.450181817745616, 18.83756741420022, 19.98646023937656, 21.18877034490753


Best algorithm: add(add(cos(protected_divide(add(n, add(n, add(cos(add(n, n)), n))), mul(n, n))), add(cos(sub(cos(sub(cos(protected_divide(n, mul(cos(n), cos(protected_divide(add(n, add(n, n)), mul(n, n)))))), mul(protected_divide(add(n, add(n, add(add(cos(protected_divide(n, mul(cos(n), n))), n), cos(mul(n, sub(1, 1)))))), mul(n, n)), cos(add(add(cos(protected_divide(n, n)), n), cos(mul(n, n))))))), n)), add(add(cos(protected_divide(n, mul(cos(n), n))), n), cos(mul(protected_divide(neg(n), neg(-1)), n))))), n)

Failed!