   	      	          fitness          	              size              
   	      	---------------------------	--------------------------------
gen	nevals	avg	max	min    	std	avg    	max	min	std     
0  	300   	inf	inf	14870.5	nan	3.49333	11 	2  	1.61347 
1  	165   	inf	inf	14870.5	nan	3.08667	9  	1  	1.3997  
2  	154   	inf	inf	14870.5	nan	2.92667	9  	1  	1.21434 
3  	156   	inf	inf	13982.5	nan	3.19333	10 	1  	1.32512 
4  	178   	inf	inf	14870.5	nan	3.41667	12 	1  	1.43633 
5  	173   	inf	inf	13814.5	nan	3.59667	11 	1  	1.34684 
6  	183   	inf	inf	2325.5 	nan	3.74667	12 	1  	1.35984 
7  	177   	inf	inf	2325.5 	nan	3.59667	12 	1  	1.31428 
8  	169   	inf	inf	2325.5 	nan	3.64667	8  	1  	1.23362 
9  	165   	inf	inf	584.5  	nan	4.32333	14 	1  	1.65291 
10 	152   	inf	inf	0      	nan	5.23   	16 	1  	1.81396 
11 	151   	inf	inf	0      	nan	6.07333	15 	1  	2.10427 
12 	169   	inf	inf	0      	nan	6.39667	17 	1  	2.07509 
13 	161   	inf	inf	0      	nan	6.62   	17 	1  	2.25291 
14 	165   	inf	inf	0      	nan	6.88   	17 	1  	2.17231 
15 	180   	inf	inf	0      	nan	7.18333	18 	1  	2.42687 
16 	175   	inf	inf	0      	nan	7.21667	15 	2  	2.05014 
17 	149   	inf	inf	0      	nan	6.90333	13 	1  	1.75328 
18 	175   	inf	inf	0      	nan	6.91333	13 	1  	1.91115 
19 	190   	inf	inf	0      	nan	6.93   	13 	1  	2.03103 
20 	158   	inf	inf	0      	nan	6.84   	13 	1  	1.91513 
21 	182   	inf	inf	0      	nan	6.82   	15 	1  	1.95472 
22 	178   	inf	inf	0      	nan	6.83667	15 	1  	2.16256 
23 	167   	inf	inf	0      	nan	6.76667	14 	3  	1.88296 
24 	164   	inf	inf	0      	nan	6.65   	15 	1  	2.17121 
25 	169   	inf	inf	0      	nan	6.34333	13 	1  	1.97116 
26 	162   	inf	inf	0      	nan	6.36   	14 	1  	1.93832 
27 	151   	inf	inf	0      	nan	6.34   	13 	1  	1.85411 
28 	170   	inf	inf	0      	nan	6.25   	15 	1  	1.94272 
29 	174   	inf	inf	0      	nan	6.02333	13 	1  	1.94494 
30 	170   	inf	inf	0      	nan	6.16333	13 	1  	1.90875 
31 	176   	inf	inf	0      	nan	6.06333	13 	1  	1.76427 
32 	163   	inf	inf	0      	nan	5.89333	13 	1  	1.71327 
33 	161   	inf	inf	0      	nan	5.78333	13 	1  	1.80085 
34 	161   	inf	inf	0      	nan	5.49333	11 	1  	1.55025 
35 	155   	inf	inf	0      	nan	5.60667	12 	1  	1.6749  
36 	182   	inf	inf	0      	nan	5.66333	15 	1  	1.8735  
37 	164   	inf	inf	0      	nan	5.46   	15 	1  	1.53245 
38 	153   	inf	inf	0      	nan	5.56667	11 	1  	1.46249 
39 	172   	inf	inf	0      	nan	5.42333	13 	1  	1.45056 
40 	176   	inf	inf	0      	nan	5.25   	11 	1  	1.26787 
41 	157   	inf	inf	0      	nan	5.28   	13 	1  	1.3019  
42 	150   	inf	inf	0      	nan	5.13667	11 	1  	0.992298
43 	161   	inf	inf	0      	nan	5.22   	14 	1  	1.38742 
44 	169   	inf	inf	0      	nan	5.17667	11 	1  	1.2565  
45 	167   	inf	inf	0      	nan	5.16667	13 	1  	1.36341 
46 	168   	inf	inf	0      	nan	5.10333	11 	1  	1.20249 
47 	166   	inf	inf	0      	nan	5.1    	14 	1  	1.43411 
48 	179   	inf	inf	0      	nan	5.10333	13 	1  	1.238   
49 	159   	inf	inf	0      	nan	5.18333	13 	1  	1.11193 
50 	188   	inf	inf	0      	nan	5.11   	11 	1  	1.01877 
--------------------------------------------------------------------------------

Best individual:
Required sequence: 0, 1, 8, 27, 64, 125, 216, 343, 512, 729, 1000, 1331, 1728, 2197, 2744, 3375, 4096, 4913, 5832, 6859, 8000, 9261, 10648, 12167, 13824, 15625, 17576, 19683, 21952, 24389, 27000, 29791, 32768, 35937, 39304, 42875, 46656, 50653, 54872, 59319, 64000
Actual sequence:   0.0, 1.0, 8.0, 27.0, 64.0, 125.0, 216.0, 343.0, 512.0, 729.0, 1000.0, 1331.0, 1728.0, 2197.0, 2744.0, 3375.0, 4096.0, 4913.0, 5832.0, 6859.0, 8000.0, 9261.0, 10648.0, 12167.0, 13824.0, 15625.0, 17576.0, 19683.0, 21952.0, 24389.0, 27000.0, 29791.0, 32768.0, 35937.0, 39304.0, 42875.0, 46656.0, 50653.0, 54872.0, 59319.0, 64000.0


Best algorithm: mul(mul(n, mul(n, 1.0)), n)

Success!