   	      	                fitness                	              size              
   	      	---------------------------------------	--------------------------------
gen	nevals	avg    	max        	min	std    	avg    	max	min	std     
0  	300   	614.161	5260.5     	0  	363.131	3.49333	7  	2  	1.51985 
1  	160   	516.21 	2747.5     	0  	239.518	3.48333	12 	1  	1.5947  
2  	147   	473.95 	16435      	0  	943.347	3.83667	12 	1  	1.77857 
3  	165   	417.23 	16435      	0  	1332.79	3.90333	12 	1  	1.58345 
4  	157   	367.907	16435      	0  	1678.25	3.71333	9  	1  	1.41344 
5  	164   	449.99 	16435      	0  	2315.17	3.44   	9  	1  	1.25952 
6  	176   	548.912	30939      	0  	3243.76	3.44667	9  	1  	1.16925 
7  	190   	439.498	16435      	0  	2384.47	3.45   	11 	1  	1.21415 
8  	168   	502.689	16435      	0  	2643.23	3.35333	11 	1  	1.13218 
9  	170   	238.095	23102.5    	0  	1892.21	3.38333	9  	1  	1.15314 
10 	179   	305.984	16435      	0  	1899.02	3.41   	9  	1  	1.21459 
11 	165   	295.515	23102.5    	0  	2112.98	3.26   	9  	1  	0.9517  
12 	163   	397.213	16435      	0  	2303.73	3.35667	9  	1  	1.1326  
13 	164   	265.011	38438.9    	0  	2437.72	3.30667	10 	1  	1.06425 
14 	156   	171.107	16435      	0  	1359.94	3.25333	9  	1  	0.949994
15 	166   	146.169	16435      	0  	1341.72	3.16333	8  	1  	0.750548
16 	157   	181.456	16435      	0  	1358.37	3.26667	9  	1  	1.05304 
17 	155   	34.5209	2338       	0  	178.798	3.12   	8  	1  	0.682349
18 	157   	80.6652	16435      	0  	959.838	3.11333	7  	1  	0.560198
19 	160   	46.822 	841        	0  	157.637	3.16   	9  	1  	0.775285
20 	167   	105.427	16435      	0  	971.914	3.21   	9  	1  	0.923345
21 	157   	64.6777	3661.41    	0  	340.115	3.2    	8  	1  	0.875595
22 	166   	247.823	16435      	0  	1657.51	3.25   	9  	1  	0.952628
23 	165   	42.9125	798        	0  	149.378	3.21333	8  	1  	0.956289
24 	167   	48.4991	2338       	0  	196.632	3.17   	9  	1  	0.906146
25 	147   	199.452	39944.5    	0  	2311.24	3.22333	9  	1  	1.00006 
26 	180   	463.783	107498     	0  	6264.83	3.19333	9  	1  	0.917945
27 	155   	180.761	30939      	0  	1812.28	3.12667	8  	1  	0.759795
28 	156   	71.3986	2338       	0  	304.025	3.11333	8  	1  	0.787711
29 	158   	165.117	30939      	0  	1812.19	3.07333	8  	1  	0.595502
30 	137   	118.549	16435      	0  	986.711	3.1    	9  	1  	0.759386
31 	166   	192.667	16435      	0  	1394.4 	3.13   	9  	1  	0.658103
32 	183   	150.59 	30096.9    	0  	1747.51	3.15   	9  	1  	0.821077
33 	168   	57.9829	5260.5     	0  	382.873	3.13667	9  	1  	0.755859
34 	163   	107.998	16435      	0  	964.147	3.12667	9  	1  	0.785677
35 	180   	63.1696	2338       	0  	251.664	3.16667	9  	1  	0.839974
36 	169   	44.9015	1046.5     	0  	162.681	3.08333	7  	1  	0.53203 
37 	158   	72.3336	2338       	0  	256.365	3.18   	9  	1  	0.84119 
38 	172   	58.524 	2338       	0  	237.88 	3.11667	9  	1  	0.72782 
39 	154   	53.788 	2338       	0  	236.584	3.09667	7  	1  	0.600546
40 	181   	76.7448	2338       	0  	280.546	3.2    	9  	1  	0.883176
41 	140   	44.6981	798        	0  	149.355	3.09   	8  	1  	0.689372
42 	157   	170.131	30939      	0  	1824.68	3.18667	9  	1  	0.831759
43 	169   	126.854	15479.5    	0  	967.152	3.18667	9  	1  	0.859354
44 	157   	65.1336	1679.24    	0  	204.667	3.18   	9  	1  	0.800583
45 	163   	3666.82	1.03521e+06	0  	59690.1	3.18   	9  	1  	0.913382
46 	172   	71.2603	2338       	0  	266.507	3.22   	9  	1  	0.933595
47 	151   	100.219	10936.5    	0  	693.439	3.14333	9  	1  	0.685168
48 	175   	35.7621	843.81     	0  	141.858	3.09   	9  	1  	0.644386
49 	158   	105.401	9352       	0  	631.859	3.17   	9  	2  	0.796513
50 	146   	53.8256	2341.23    	0  	240.184	3.12667	8  	1  	0.705187
--------------------------------------------------------------------------------

Best individual:
Required sequence: 0, 1, 4, 9, 16, 25, 36, 49, 64, 81, 100, 121, 144
Actual sequence:   0, 1, 4, 9, 16, 25, 36, 49, 64, 81, 100, 121, 144


Best algorithm: sub(mul(n, n), sub(n, n))

Success!