   	      	                fitness                	              size             
   	      	---------------------------------------	-------------------------------
gen	nevals	avg    	max        	min    	std    	avg    	max	min	std    
0  	300   	1727.83	193611     	11.9182	11101.5	3.63667	7  	2  	1.55713
1  	174   	951.721	4304.5     	11.9182	365.787	3.74667	12 	1  	1.68992
2  	149   	989.776	69983      	10.9751	4005.63	4.38667	13 	1  	1.90888
3  	171   	1039.6 	43386      	10.9751	4160.45	4.99667	13 	1  	1.99916
4  	174   	1294.53	55835      	10.9751	6235.95	5.18333	13 	1  	2.18244
5  	162   	11209.8	2.9896e+06 	9.82861	172358 	5.26667	12 	1  	2.1187 
6  	163   	2265.66	193611     	9.82861	13327.3	5.68   	12 	1  	2.1873 
7  	183   	1588.35	41567.6    	9.82861	7438.38	6.32333	14 	1  	2.2932 
8  	159   	1415.95	41567.6    	9.77176	7062.51	7.19333	16 	3  	2.09824
9  	167   	1554.92	41567.6    	9.82861	7430.95	7.75667	16 	1  	1.83052
10 	172   	1803.69	41673.7    	9.82861	8100.62	7.99667	16 	1  	1.72337
11 	141   	10948  	2.97505e+06	9.61959	171530 	7.99667	14 	1  	1.63401
12 	163   	2138.04	255412     	9.61959	16094.2	8.18667	14 	1  	1.77158
13 	178   	2454.23	72385.9    	8.53425	9907.28	8.42667	16 	1  	1.89858
14 	182   	1704.49	41557.6    	8.53425	7784.25	8.28667	16 	1  	1.96074
15 	162   	2102.15	41557.6    	8.53425	8738.56	8.55   	19 	3  	2.16044
16 	165   	1983.77	41557.6    	8.53425	8429.17	9.00667	18 	1  	2.51528
17 	167   	1399.84	41563.6    	8.53425	7049.89	9.72667	18 	2  	3.02081
18 	169   	11998.7	2.97505e+06	8.53425	172113 	10.9033	22 	1  	3.69062
19 	172   	1216.57	41563.6    	8.53425	6689.57	11.8067	23 	1  	3.88449
20 	198   	2037.96	193769     	8.53425	13137.9	12.3633	23 	3  	3.89247
21 	166   	350.858	41563.6    	8.53425	3384.44	12.6967	27 	1  	4.08632
22 	174   	1373.93	209166     	8.53425	12934.7	12.9933	28 	1  	3.80788
23 	163   	774.839	41563.6    	8.53425	5315.93	13.1267	30 	2  	3.34624
24 	166   	256.096	41563.6    	8.53425	2423.49	13.4433	30 	3  	3.62861
25 	155   	2208.25	484312     	7.70279	28268.4	13.34  	26 	5  	3.28802
26 	170   	560.057	41563.6    	8.53425	4152.27	13.37  	28 	1  	3.45347
27 	165   	1145.86	43386      	8.53425	6318.27	13.2367	26 	2  	3.52335
28 	151   	283.1  	41563.6    	8.0781 	2441.99	13.03  	25 	1  	3.28061
29 	164   	1390.29	60637.1    	8.0781 	7518.93	13.2433	23 	5  	3.05136
30 	187   	1106.5 	41563.6    	8.0781 	6269.98	13.1867	25 	3  	3.60072
31 	176   	871.164	58136.1    	8.0781 	5813.03	13.01  	26 	1  	3.75543
32 	172   	1139.63	41563.6    	8.0781 	6263.56	13.05  	26 	1  	3.54789
33 	153   	650.529	42825      	8.0781 	4801.65	13.21  	22 	1  	3.30342
34 	177   	960.072	41563.6    	8.0781 	5815.32	13.2967	25 	1  	3.32295
35 	164   	1111.96	42023.5    	8.0781 	6311.79	13.3267	23 	2  	3.28734
36 	156   	1613.43	41587.9    	8.0781 	7792.67	13.6133	27 	1  	3.35815
37 	149   	2529.9 	255412     	8.0781 	19914.1	13.7833	23 	2  	3.11711
38 	190   	765.161	41563.6    	8.0781 	5311.11	13.7533	25 	5  	4.01902
39 	162   	498.088	41563.6    	8.0781 	3595.92	14.2967	30 	1  	4.01937
40 	133   	482.804	72446.7    	8.0781 	4858.88	14.08  	29 	1  	3.74881
41 	165   	954.931	41506.7    	8.0781 	5436.73	14.26  	25 	1  	3.47166
42 	157   	618.522	72474      	8.0781 	5355.04	14.0167	24 	1  	3.65464
43 	184   	1020.44	41506.7    	8.0781 	5883.91	14.3367	28 	1  	3.9298 
44 	154   	1078.32	41506.7    	8.0781 	6259.81	14.3567	31 	3  	3.28879
45 	160   	958.935	41506.7    	8.0781 	5843.84	14.0367	24 	1  	3.71959
46 	184   	1005.59	41506.7    	8.0781 	5881.58	13.8567	25 	1  	3.99535
47 	175   	1177.51	41639.1    	8.0781 	6361.81	14.08  	28 	3  	3.97412
48 	148   	10311.5	2.97463e+06	8.0781 	171466 	14.1433	30 	1  	4.07874
49 	169   	1656.57	41557.6    	8.0781 	7814.67	14.23  	29 	4  	3.64926
50 	181   	669.418	41506.7    	8.0781 	4525.5 	14.1367	24 	1  	3.43773
--------------------------------------------------------------------------------

Best individual:
Required sequence: 1, 3, 7, 13, 31, 37, 43, 67, 73, 79, 127, 151, 163
Actual sequence:   0.2456112174783962, 3.0482378532674588, 8.322404240795422, 15.000188985759353, 25.943979772438187, 36.77190829919808, 48.043215415653975, 64.93796208729755, 81.6481839440057, 100.78664092240047, 121.59758672700289, 144.81209058952751, 169.72023955986634


Best algorithm: add(cos(mul(add(protected_divide(-1, mul(mul(mul(1, cos(mul(n, n))), mul(n, cos(mul(n, n)))), n)), n), n)), mul(n, n))

Failed!