   	      	                          fitness                          	              size             
   	      	-----------------------------------------------------------	-------------------------------
gen	nevals	avg        	max        	min        	std        	avg    	max	min	std    
0  	300   	4.86118e+37	4.86118e+37	4.86118e+37	9.44473e+21	3.73667	7  	2  	1.53861
1  	158   	4.86118e+37	4.86118e+37	4.86118e+37	9.44473e+21	3.82667	9  	1  	1.68423
2  	166   	4.86118e+37	4.86118e+37	4.86118e+37	9.44473e+21	4.00333	10 	1  	1.73877
3  	181   	4.86118e+37	4.86118e+37	4.86118e+37	9.44473e+21	4.25333	11 	1  	1.94143
4  	170   	4.86118e+37	4.86118e+37	4.86118e+37	9.44473e+21	4.5    	11 	1  	1.97569
5  	152   	4.86118e+37	4.86118e+37	4.86118e+37	9.44473e+21	4.72667	11 	1  	2.04417
6  	167   	4.86118e+37	4.86118e+37	4.86118e+37	9.44473e+21	4.73667	13 	1  	1.9185 
7  	161   	4.86118e+37	4.86118e+37	4.86118e+37	9.44473e+21	4.84667	13 	1  	2.11735
8  	159   	4.86118e+37	4.86118e+37	4.86118e+37	9.44473e+21	4.84333	13 	1  	2.24621
9  	179   	4.86118e+37	4.86118e+37	4.86118e+37	9.44473e+21	4.95   	14 	1  	2.39322
10 	155   	4.86118e+37	4.86118e+37	4.86118e+37	9.44473e+21	5.14   	16 	1  	2.71669
11 	177   	4.86118e+37	4.86118e+37	4.86118e+37	9.98048e+21	5.21667	18 	1  	3.04353
12 	164   	4.86118e+37	4.86118e+37	4.86118e+37	9.44473e+21	5.18333	20 	1  	3.0935 
13 	169   	4.86118e+37	4.86118e+37	4.86118e+37	9.44473e+21	5.06667	20 	1  	3.24277
14 	165   	4.86118e+37	4.86118e+37	4.86118e+37	9.44473e+21	5.12667	18 	1  	3.13857
15 	173   	4.86118e+37	4.86118e+37	4.86118e+37	9.44473e+21	5.03667	14 	1  	2.87437
16 	176   	4.86118e+37	4.86118e+37	4.86118e+37	9.44473e+21	4.93667	15 	1  	2.77717
17 	173   	4.86118e+37	4.86118e+37	4.86118e+37	9.44473e+21	5.02   	17 	1  	2.6745 
18 	152   	4.86118e+37	4.86118e+37	4.86118e+37	9.44473e+21	5.37   	16 	1  	2.91086
19 	161   	4.86118e+37	4.86118e+37	4.86118e+37	9.44473e+21	5.39   	19 	1  	2.90595
20 	155   	4.86118e+37	4.86118e+37	4.86118e+37	9.44473e+21	5.31   	17 	1  	2.81435
21 	157   	4.86118e+37	4.86118e+37	4.86118e+37	9.44473e+21	5.32667	17 	1  	2.83313
22 	177   	4.86118e+37	4.86118e+37	4.86118e+37	9.44473e+21	5.66   	21 	1  	3.09264
23 	173   	4.86118e+37	4.86118e+37	4.86118e+37	9.44473e+21	5.74333	21 	1  	3.37897
24 	164   	4.86118e+37	4.86118e+37	4.86118e+37	9.44473e+21	5.61   	18 	1  	3.27891
25 	174   	4.86118e+37	4.86118e+37	4.86118e+37	9.44473e+21	5.34   	16 	1  	3.14607
26 	177   	4.86118e+37	4.86118e+37	4.86118e+37	9.44473e+21	5.21   	19 	1  	3.06038
27 	164   	4.86118e+37	4.86118e+37	4.86118e+37	9.44473e+21	5.64667	22 	1  	3.4634 
28 	179   	4.86118e+37	4.86118e+37	4.86118e+37	9.44473e+21	5.84333	19 	1  	3.51171
29 	169   	4.86118e+37	4.86118e+37	4.86118e+37	9.44473e+21	6.03333	19 	1  	3.71558
30 	157   	4.86118e+37	4.86118e+37	4.86118e+37	9.44473e+21	6.47333	19 	1  	4.14841
31 	153   	4.86118e+37	4.86118e+37	4.86118e+37	9.44473e+21	6.26667	20 	1  	4.26328
32 	157   	4.86118e+37	4.86118e+37	4.86118e+37	9.44473e+21	6.36333	23 	1  	4.30093
33 	160   	4.86118e+37	4.86118e+37	4.86118e+37	9.44473e+21	6.37667	23 	1  	4.33837
34 	152   	4.86118e+37	4.86118e+37	4.86118e+37	9.44473e+21	6.47667	23 	1  	4.59378
35 	161   	4.86118e+37	4.86118e+37	4.86118e+37	9.44473e+21	6.63333	24 	1  	4.66393
36 	164   	4.86118e+37	4.86118e+37	4.86118e+37	9.44473e+21	6.85333	21 	1  	4.54076
37 	164   	4.86118e+37	4.86118e+37	4.86118e+37	9.44473e+21	6.53   	21 	1  	4.20267
38 	188   	4.86118e+37	4.86118e+37	4.86118e+37	9.44473e+21	7.06667	21 	1  	4.32846
39 	169   	4.86118e+37	4.86118e+37	4.86118e+37	9.44473e+21	7.25   	21 	1  	4.45879
40 	163   	4.86118e+37	4.86118e+37	4.86118e+37	9.42898e+21	7.39   	22 	1  	4.81019
41 	156   	4.86118e+37	4.86118e+37	4.86118e+37	9.42898e+21	6.90667	24 	1  	4.79979
42 	168   	4.86118e+37	4.86118e+37	4.86118e+37	9.44473e+21	7.05333	26 	1  	4.82602
43 	158   	4.86118e+37	4.86118e+37	4.86118e+37	9.44473e+21	7.70667	28 	1  	5.2352 
44 	180   	4.86118e+37	4.86118e+37	4.86118e+37	9.44473e+21	6.94333	28 	1  	5.14394
45 	168   	4.86118e+37	4.86118e+37	4.86118e+37	9.44473e+21	7.08   	24 	1  	4.99402
46 	179   	4.86118e+37	4.86118e+37	4.86118e+37	9.44473e+21	6.87   	22 	1  	4.52767
47 	144   	4.86118e+37	4.86118e+37	4.86118e+37	9.44473e+21	7.02333	25 	1  	5.07571
48 	192   	4.86118e+37	4.86118e+37	4.86118e+37	9.49184e+21	7.02667	22 	1  	4.88733
49 	165   	4.86118e+37	4.86118e+37	4.86118e+37	9.44473e+21	6.32667	21 	1  	4.2833 
50 	189   	4.86118e+37	4.86118e+37	4.86118e+37	9.44473e+21	6.66   	23 	1  	4.36093
--------------------------------------------------------------------------------

Best individual:
Required sequence: 3, 5, 17, 257, 65537, 4294967297, 18446744073709551617
Actual sequence:   0, 3, 28, 117, 336, 775, 1548


Best algorithm: mul(mul(n, sub(add(sub(mul(n, n), sub(-1, n)), 0), mul(n, 0))), n)

Failed!