   	      	            fitness            	              size             
   	      	-------------------------------	-------------------------------
gen	nevals	avg    	max    	min	std    	avg    	max	min	std    
0  	300   	95.3781	3763.5 	0  	315.868	3.87   	7  	2  	1.59157
1  	159   	22.1095	798    	0  	49.8239	3.76   	12 	1  	1.66405
2  	184   	28.6555	1110.85	0  	102.673	3.90333	11 	1  	1.81677
3  	169   	20.8318	1096.5 	0  	91.7357	4.11333	14 	1  	1.97834
4  	149   	30.5113	1846.5 	0  	168.23 	4.23333	11 	1  	2.0097 
5  	169   	24.9629	1446   	0  	131.256	4.39667	11 	1  	2.1446 
6  	152   	33.9112	1446   	0  	158.743	4.56   	16 	1  	2.41517
7  	163   	31.3368	1096.5 	0  	137.216	4.56333	16 	1  	2.68191
8  	145   	27.6679	5059.5 	0  	298.484	4.45333	15 	1  	2.78469
9  	181   	39.8269	5059.5 	0  	316.964	4.20333	15 	1  	2.72556
10 	173   	8.03641	1148.5 	0  	67.0436	4.06   	16 	1  	2.94444
11 	160   	161.085	26617.5	0  	1797.48	4.04   	19 	1  	3.27491
12 	174   	8.92519	798    	0  	66.429 	4.03333	21 	1  	3.7317 
13 	151   	18.2025	1446   	0  	123.447	3.83667	19 	1  	3.73943
14 	165   	13.8638	798    	0  	91.8227	3.79667	23 	1  	3.67269
15 	179   	7.95428	1096.5 	0  	64.5616	3.90333	19 	1  	3.50438
16 	185   	5.47834	441.528	0  	32.4682	3.76   	19 	1  	3.35595
17 	153   	4.68343	798    	0  	46.6374	3.62667	21 	1  	3.49485
18 	161   	6.97541	798    	0  	51.9093	3.82333	21 	1  	3.45429
19 	152   	4.03899	529.266	0  	31.8745	3.81   	24 	1  	3.61855
20 	173   	16.2973	1846.5 	0  	142.429	3.90667	22 	1  	3.80499
21 	181   	2.05236	47.5   	0  	6.95276	4.14333	22 	1  	4.08772
22 	177   	19.2919	1096.5 	0  	122.345	4.42333	21 	1  	4.3982 
23 	162   	8.06419	1446   	0  	83.9817	3.82667	18 	1  	3.85702
24 	157   	5.57083	1096.5 	0  	63.6467	3.67667	20 	1  	3.81298
25 	176   	25.2031	5059.5 	0  	301.456	3.78333	20 	1  	4.01286
26 	158   	12.811 	1446   	0  	114.044	4.02333	20 	1  	4.26335
27 	154   	186.675	53703  	0  	3095.63	4.4    	20 	1  	4.47139
28 	174   	3.02625	229.5  	0  	17.2752	4.17   	20 	1  	4.07444
29 	182   	25.308 	3756.08	0  	250.404	4.02667	16 	1  	3.91058
30 	162   	2.09844	35.5   	0  	7.40004	3.73   	20 	1  	3.81275
31 	162   	2.66144	102    	0  	11.8506	3.86333	22 	1  	4.16869
32 	177   	2.59937	229.5  	0  	15.5178	3.57667	22 	1  	3.71898
33 	154   	2.28524	102    	0  	10.4695	3.66333	22 	1  	4.12836
34 	157   	1.81345	102    	0  	8.71078	3.92333	22 	1  	3.99384
35 	161   	200.567	58089  	0  	3348.42	3.52   	22 	1  	3.94668
36 	167   	139.067	39875.1	0  	2298.49	3.44   	22 	1  	3.84357
37 	165   	2.94603	229.5  	0  	17.4306	3.30667	22 	1  	3.88406
38 	176   	8.4145 	798    	0  	66.941 	3.16   	17 	1  	3.45655
39 	159   	5.10347	798    	0  	47.1553	2.81667	17 	1  	3.03255
40 	166   	2.98452	121    	0  	11.507 	3.01   	19 	1  	3.46841
41 	161   	9.54137	1446   	0  	95.3537	3.04   	21 	1  	3.47252
42 	162   	3.76558	798    	0  	46.2089	2.68333	18 	1  	2.94557
43 	152   	6.97311	798    	0  	65.2286	2.64   	18 	1  	2.74901
44 	168   	6.06312	798    	0  	48.4232	2.77333	17 	1  	3.04335
45 	170   	2.0166 	102    	0  	8.72207	2.83   	17 	1  	3.05959
46 	170   	5.67861	798    	0  	47.1082	3.03333	17 	1  	2.89002
47 	159   	7.149  	798    	0  	57.0844	3.1    	17 	1  	3.0304 
48 	174   	8.4954 	798    	0  	66.7939	3.24333	17 	1  	3.01399
49 	175   	101.68 	26617.5	0  	1536.37	3.09667	17 	1  	3.10172
50 	164   	5.57304	798    	0  	47.3539	2.76   	21 	1  	2.98927
--------------------------------------------------------------------------------

Best individual:
Required sequence: 1, 2, 3, 4, 5, 6, 7, 8, 9, 10, 11, 12
Actual sequence:   1, 2, 3, 4, 5, 6, 7, 8, 9, 10, 11, 12


Best algorithm: sub(mul(0, 0), sub(0, n))

Success!