   	      	                fitness                	              size             
   	      	---------------------------------------	-------------------------------
gen	nevals	avg    	max        	min    	std    	avg    	max	min	std    
0  	300   	1106.72	4405       	12     	456.678	3.62333	7  	2  	1.52363
1  	172   	950.186	1521.5     	12     	279.931	3.74   	13 	1  	1.64288
2  	158   	774.229	4304.5     	12     	444.893	4.07333	13 	1  	1.88714
3  	160   	565.81 	4405       	11.9182	623.302	4.21333	17 	1  	1.95648
4  	160   	866.797	72474      	11.9182	5357.51	4.03667	12 	1  	1.68186
5  	192   	566.251	72474      	11.9182	4808.78	3.52667	12 	1  	1.37451
6  	165   	379.742	41491      	11.9182	2957.47	3.32333	9  	1  	1.07337
7  	161   	446.984	41491      	11.9182	3396.26	3.61   	11 	1  	1.34334
8  	183   	1616.25	41491      	11.9182	7446.85	3.82   	12 	1  	1.5751 
9  	165   	1143.86	55930      	9.82861	6617.8 	4.02333	9  	1  	1.54794
10 	164   	2140.14	41567.6    	9.82861	8733.57	4.65667	11 	1  	1.69473
11 	176   	2453.11	255570     	9.82861	16415.5	5.49667	15 	1  	1.74451
12 	186   	2732.88	43386      	9.82861	9846.71	6.15333	13 	1  	1.80826
13 	176   	1575.18	72474      	9.82861	7833.29	6.54333	13 	1  	1.81882
14 	150   	1740.79	41591.6    	9.72694	7782.61	7.03333	13 	2  	1.75847
15 	180   	2545.04	43386      	9.82861	9616.6 	7.55667	14 	1  	1.95962
16 	163   	1272.76	41567.6    	9.82861	6679.05	7.97333	15 	1  	1.85633
17 	138   	721.193	41557.6    	8.53425	4805.34	8.14667	16 	1  	1.58487
18 	151   	1355.12	41639.1    	8.53425	7082.47	8.09667	14 	5  	1.36406
19 	152   	1796.09	41557.6    	9.20824	8121.27	8.19   	17 	1  	1.6695 
20 	172   	1951.06	69983      	9.20824	8725.57	8.28333	14 	1  	1.64004
21 	173   	11721.6	2.97505e+06	9.20824	171566 	8.47   	14 	5  	1.77269
22 	164   	1236.97	72385.9    	9.20824	7123.06	8.47   	17 	1  	2.08385
23 	152   	988.015	41647.8    	8.53425	5818.49	8.78333	16 	1  	2.15478
24 	194   	1993.74	55835      	8.43921	8653.6 	9.52   	18 	1  	2.54747
25 	158   	1934.02	42023.5    	8.43921	8375.79	10.0533	22 	2  	2.88279
26 	150   	1521.59	41586      	8.43921	7451.58	10.5467	21 	1  	2.51286
27 	169   	1536.14	42023.5    	8.16608	7420.72	11.0167	20 	2  	2.78383
28 	171   	948.856	41586      	8.16608	5764.37	11.2433	19 	1  	2.99624
29 	163   	1630.45	42384      	8.16608	7765.2 	11.6533	22 	1  	3.07134
30 	172   	1069.13	42023.5    	5.41706	6198.46	11.8833	24 	1  	3.40143
31 	147   	843.834	41511.2    	5.41706	5251.37	12.5367	32 	1  	3.85772
32 	152   	909.616	55835      	4.01983	6099.6 	13.0067	30 	1  	3.58887
33 	154   	814.404	41470.4    	4.01983	5213.94	13.9133	26 	1  	3.85908
34 	167   	1875.22	54718      	4.01983	8577.55	14.8867	33 	1  	3.86012
35 	142   	1111.45	54718      	4.01983	6566.41	15.56  	35 	1  	4.01743
36 	165   	1383.25	71801.3    	2.69026	7544.25	16.0233	33 	1  	4.22723
37 	166   	1201.49	42272.9    	2.69026	6578.73	17.1333	27 	1  	4.05901
38 	156   	9998.59	2.75662e+06	2.69026	158930 	17.3933	37 	1  	4.66175
39 	176   	342.166	55835      	2.69026	3393.53	17.2933	34 	3  	4.65768
40 	153   	951.075	47143.4    	2.6186 	6030.57	18.0933	36 	1  	4.87968
41 	174   	995.909	55835      	2.6186 	6277.6 	18.53  	46 	4  	5.18032
42 	167   	1166.66	72372      	2.6186 	7269.24	18.91  	46 	5  	5.19377
43 	164   	380.666	41652.3    	2.6186 	3379.8 	19.1067	45 	5  	5.10444
44 	160   	1419.6 	55835      	2.6186 	7456.02	19.0167	42 	3  	5.52477
45 	157   	952.175	55835      	2.47025	6201.82	19.67  	45 	1  	6.0012 
46 	159   	413.554	55835      	2.47025	4019.92	19.46  	49 	2  	5.54152
47 	163   	1704.66	56202.8    	2.43167	8546.25	19.9767	41 	2  	5.69527
48 	163   	414.668	55835      	1.52505	4015.14	19.7933	43 	1  	5.4946 
49 	150   	1350.49	55930      	1.52505	7764.73	20.2767	38 	1  	5.72539
50 	158   	887.288	55835      	1.52462	6481.69	21.9833	44 	5  	6.59417
--------------------------------------------------------------------------------

Best individual:
Required sequence: 1, 3, 7, 13, 31, 37, 43, 67, 73, 79, 127, 151, 163
Actual sequence:   1, 5, 7, 12, 30, 38, 45, 67, 83, 105, 116, 157, 182


Best algorithm: add(mul(cos(sub(mul(n, n), sin(sin(sin(mul(cos(mul(n, n)), n)))))), n), sub(mul(n, n), sin(mul(cos(cos(sub(mul(n, n), sin(sin(sin(mul(cos(mul(n, n)), n))))))), mul(n, n)))))

Failed!