   	      	                fitness                	              size             
   	      	---------------------------------------	-------------------------------
gen	nevals	avg    	max        	min    	std    	avg    	max	min	std    
0  	300   	3768.18	12744      	1278.86	916.851	3.9    	7  	2  	1.6052 
1  	160   	3428.07	7586.29    	1278.86	796.769	3.9    	11 	1  	1.67432
2  	153   	3051.7 	10288      	219.429	1107.92	3.97333	9  	1  	1.65508
3  	152   	6805.06	1.26167e+06	219.429	72631.8	4.15   	11 	1  	1.84052
4  	163   	2500.34	57414.9    	78.8571	4554.98	4.38333	11 	1  	2.06955
5  	179   	2316.26	50046.9    	78.8571	3836.18	4.57   	11 	1  	2.12566
6  	189   	1916.8 	69617.1    	78.8571	4616.99	4.84   	17 	1  	2.32832
7  	164   	2195.64	149135     	68.5714	9624.42	5.5    	12 	1  	2.26936
8  	157   	3151.29	346693     	68.5714	21609.1	5.92   	13 	1  	1.97828
9  	174   	1542.65	83707.4    	68.5714	7478.32	6.30333	18 	2  	2.24751
10 	165   	1099.9 	36281.1    	68.5714	3127.88	6.52667	15 	1  	2.20665
11 	164   	3069.24	115110     	68.5714	14125.5	6.97   	15 	1  	2.16697
12 	151   	2726.86	346693     	68.5714	22785.7	7.43333	17 	1  	2.33357
13 	138   	4848.07	477374     	68.5714	32046.9	7.88   	16 	2  	2.37464
14 	153   	3734.66	563150     	68.5714	34376.8	8.26667	17 	2  	2.26471
15 	180   	3687.78	398894     	49.4268	25585.1	8.54   	17 	1  	2.33561
16 	164   	7049.65	488897     	49.4268	49459.1	8.64   	17 	1  	2.53319
17 	177   	6655.68	562089     	49.4268	47228.3	8.72333	20 	1  	2.67958
18 	160   	4562.05	488897     	49.4268	32781.2	8.71   	17 	1  	2.45069
19 	156   	5018.13	488897     	49.4268	38296.1	8.88333	18 	2  	2.58387
20 	164   	3419.5 	419989     	49.4268	26468.8	9.01   	18 	3  	2.71598
21 	167   	3506.72	505728     	34.1264	30712.5	9.02667	18 	1  	2.70419
22 	172   	2394.58	419989     	34.1264	24222.8	9.5    	20 	1  	3.07734
23 	151   	1807.48	122169     	34.1264	11003.2	10.12  	21 	1  	2.95617
24 	164   	2311.78	140174     	34.1264	13849.4	11.0133	21 	1  	3.0919 
25 	180   	2830.44	253255     	34.1264	18321.9	11.7867	26 	1  	4.53444
26 	163   	583.998	7633.59    	17.23  	1057.28	12.38  	32 	1  	4.18914
27 	161   	1828.78	118291     	21.2751	10512.4	13.04  	26 	1  	3.7459 
28 	153   	1799.69	139999     	17.23  	11731.4	13.34  	26 	1  	3.95446
29 	161   	1363.06	107714     	17.23  	8770.61	13.6233	25 	1  	3.45853
30 	172   	2306.99	553999     	17.23  	31926.9	14.0733	27 	1  	4.17548
31 	143   	593.455	6918.05    	14.032 	1195.68	14.27  	33 	1  	3.71983
32 	156   	1432.63	194472     	14.032 	12690.3	15.0833	35 	1  	4.83974
33 	149   	1206.76	94175.1    	13.4558	8195.8 	16.1167	39 	3  	5.04543
34 	159   	1300.39	143813     	13.4558	10326.9	17.3167	54 	2  	6.16088
35 	182   	1200.66	149812     	13.4558	8854.99	17.8667	37 	3  	6.08788
36 	172   	1026.71	121090     	12.1925	7190.26	18.07  	39 	3  	5.55324
37 	176   	1129.7 	121351     	13.4558	7175.14	18.2633	41 	1  	5.50945
38 	181   	896.677	89475.9    	10.8706	5326.47	18.9233	44 	1  	5.94453
39 	170   	884.181	122973     	12.6838	7186.3 	19.2233	44 	1  	6.05091
40 	159   	576.639	47503.1    	12.6838	2850.55	20.3733	49 	3  	6.01171
41 	164   	682.045	46553.4    	9.99284	3384.17	21.0433	44 	1  	6.79226
42 	155   	1365.62	148406     	11.8611	10827.2	20.9867	45 	3  	6.53655
43 	155   	527.327	25492.8    	9.74722	2151.25	21.2367	55 	1  	6.28655
44 	177   	501.86 	24314.6    	9.66935	1686.98	21.4833	47 	2  	6.70446
45 	165   	583.155	88735.1    	9.66935	5144.09	22.45  	55 	3  	7.02193
46 	189   	3635.36	618061     	7.83168	37246.1	22.65  	53 	3  	7.15221
47 	159   	753.21 	113563     	7.83168	6585.2 	23.8   	62 	3  	8.07217
48 	163   	409.744	7306.48    	7.49817	1011.02	23.8833	55 	1  	8.36001
49 	162   	389.61 	26020.1    	5.5349 	1655.41	24.7267	47 	3  	6.44608
50 	190   	524.175	7064.73    	7.06894	1163.01	24.61  	49 	2  	7.394  
--------------------------------------------------------------------------------

Best individual:
Required sequence: 2, 8, 20, 28, 50, 82, 126
Actual sequence:   6, 11, 17, 28, 48, 82, 125


Best algorithm: mul(sub(sub(add(add(1, n), add(sin(add(1, n)), n)), neg(sin(add(sin(n), n)))), neg(sin(sin(add(1, n))))), n)

Failed!