   	      	            fitness            	              size             
   	      	-------------------------------	-------------------------------
gen	nevals	avg    	max    	min	std    	avg    	max	min	std    
0  	300   	95.3693	5059.5 	0  	401.761	3.74   	7  	2  	1.56388
1  	159   	43.8148	5059.5 	0  	298.816	3.70667	12 	1  	1.51238
2  	162   	22.4621	1446   	0  	105.376	3.58333	11 	1  	1.48875
3  	149   	200.886	53703  	0  	3096.08	3.52   	8  	1  	1.3867 
4  	177   	13.7273	798    	0  	80.2315	3.38667	11 	1  	1.62598
5  	166   	24.7756	2377   	0  	170.107	3.27   	10 	1  	1.68437
6  	148   	17.9354	798    	0  	102.145	3.01   	9  	1  	1.54161
7  	156   	22.4486	798    	0  	120.515	3      	13 	1  	1.77764
8  	165   	18.9782	798    	0  	102.195	3.04667	10 	1  	1.77515
9  	178   	7.80358	798    	0  	47.538 	2.82333	11 	1  	1.7413 
10 	187   	14.3726	798    	0  	91.7625	2.68   	9  	1  	1.75241
11 	173   	17.083 	798    	0  	102.386	2.58667	8  	1  	1.74045
12 	157   	15.0491	1148.5 	0  	103.193	2.52333	11 	1  	1.86086
13 	155   	16.8517	798    	0  	102.616	2.22667	9  	1  	1.70351
14 	181   	15.5915	1096.5 	0  	101.649	2.31333	10 	1  	1.84259
15 	165   	16.287 	1779.61	0  	139.675	2.43   	12 	1  	1.93867
16 	152   	11.3074	798    	0  	79.8926	2.26333	9  	1  	1.71483
17 	154   	11.4837	798    	0  	81.1309	2.36333	9  	1  	1.88273
18 	166   	13.5646	1446   	0  	105.976	2.36333	12 	1  	2.10349
19 	171   	18.1623	1096.5 	0  	112.139	2.31667	10 	1  	2.00243
20 	165   	8.98516	798    	0  	64.8794	2.20333	8  	1  	1.90315
21 	164   	11.1346	798    	0  	79.8259	2.11   	11 	1  	1.80497
22 	151   	11.3725	798    	0  	80.7158	2      	9  	1  	1.67133
23 	160   	10.511 	1446   	0  	95.6015	1.93333	7  	1  	1.56702
24 	153   	8.18346	1446   	0  	84.9769	1.86   	7  	1  	1.51671
25 	165   	10.9044	1045.78	0  	82.7565	1.75333	10 	1  	1.60182
26 	178   	6.74507	1096.5 	0  	64.3854	1.84333	11 	1  	1.76223
27 	158   	12.2457	798    	0  	91.6823	1.72   	7  	1  	1.59215
28 	162   	2.37245	121    	0  	12.0883	1.79667	7  	1  	1.64174
29 	153   	8.13942	798    	0  	65.8968	1.82   	8  	1  	1.66161
30 	137   	15.0963	1446   	0  	115.04 	1.80333	8  	1  	1.6567 
31 	162   	28.5424	5059.5 	0  	308.296	1.85   	9  	1  	1.6835 
32 	172   	11.9164	1446   	0  	97.2721	1.88   	12 	1  	1.72789
33 	166   	8.79422	1096.5 	0  	81.5219	1.87667	12 	1  	1.76488
34 	144   	3.89277	229.5  	0  	17.1712	1.95333	12 	1  	1.79939
35 	175   	5.8634 	798    	0  	47.0646	2.26   	12 	1  	2.28744
36 	173   	235.694	69919.5	0  	4029.94	2.15667	12 	1  	2.11474
37 	151   	3.46813	112.017	0  	13.0079	2.18   	12 	1  	2.05287
38 	181   	194.502	55870.5	0  	3220.5 	2.12   	10 	1  	2.00306
39 	171   	2.10348	102    	0  	8.6584 	2.19333	12 	1  	2.17163
40 	167   	5.04764	798    	0  	46.7434	2.06333	12 	1  	2.05572
41 	177   	7.90282	1096.5 	0  	64.809 	2.42667	12 	1  	2.4748 
42 	159   	7.36161	798    	0  	50.678 	2.57   	15 	1  	2.60354
43 	162   	6.65414	798    	0  	65.1624	2.27667	14 	1  	2.47389
44 	155   	57.0448	16273.5	0  	937.899	2.4    	12 	1  	2.53114
45 	166   	4.92913	757    	0  	44.5837	2.21667	11 	1  	2.44057
46 	175   	5.39257	841    	0  	49.9178	1.92333	12 	1  	2.14572
47 	156   	9.89256	1096.5 	0  	79.326 	1.72667	9  	1  	1.76785
48 	170   	5.67353	798    	0  	47.1741	1.86667	10 	1  	1.97203
49 	182   	2.00548	121    	0  	10.7097	1.66   	10 	1  	1.77325
50 	132   	3.88993	798    	0  	46.2818	1.62333	8  	1  	1.65775
--------------------------------------------------------------------------------

Best individual:
Required sequence: 1, 2, 3, 4, 5, 6, 7, 8, 9, 10, 11, 12
Actual sequence:   1.0, 2.0, 3.0, 4.0, 5.0, 6.0, 7.0, 8.0, 9.0, 10.0, 11.0, 12.0


Best algorithm: protected_divide(n, 1)

Success!