   	      	                fitness                	              size             
   	      	---------------------------------------	-------------------------------
gen	nevals	avg    	max        	min    	std    	avg    	max	min	std    
0  	300   	230.605	1396.5     	98.3289	134.76 	3.69333	7  	2  	1.62869
1  	171   	257.307	19327      	98.3289	1107.1 	3.85667	10 	1  	1.71546
2  	157   	171.456	1447       	98.3289	88.9303	4.26667	11 	1  	1.73845
3  	170   	157.5  	1359.75    	98.3289	121.151	4.53667	9  	1  	1.57755
4  	165   	216.38 	26784.2    	98.3289	1536.87	4.86   	10 	1  	1.6794 
5  	149   	119.926	1127.25    	96.7239	67.8219	5.40667	14 	1  	1.95652
6  	146   	116.566	1127.25    	94.0185	75.5685	5.88333	14 	1  	2.02724
7  	173   	108.22 	230.75     	94.0185	22.8437	6.52   	14 	1  	2.11572
8  	155   	114.1  	619.828    	88.6179	54.5989	7.23   	16 	1  	2.45705
9  	161   	114.24 	492.605    	61.674 	50.9992	8.36667	20 	1  	2.85171
10 	159   	112.697	1748.48    	61.674 	98.7656	9.57667	24 	1  	3.02392
11 	159   	106.331	313.144    	55.8251	28.888 	10.45  	21 	3  	3.03439
12 	177   	102.48 	298.773    	55.8251	26.6777	10.99  	22 	4  	2.98271
13 	142   	106.102	1214.71    	55.8251	83.2662	11.9867	25 	1  	3.34761
14 	162   	100.663	836.001    	55.8251	50.3166	13.5433	29 	1  	3.64163
15 	147   	101.893	1034.44    	55.0511	66.2906	14.4667	29 	3  	4.06229
16 	165   	95.4879	863.847    	54.6397	70.8397	15.44  	32 	2  	4.58691
17 	154   	95.7419	1129.96    	54.6397	98.8371	16.6233	41 	2  	4.99948
18 	158   	96.098 	1356.44    	54.6397	134.145	16.4767	37 	1  	4.54857
19 	178   	103.379	6505.43    	50.1777	378.831	17.13  	39 	1  	4.84353
20 	163   	102.828	5816.65    	50.1777	347.331	17.4933	47 	1  	5.23036
21 	148   	101.679	8083.69    	48.0343	468.114	19.0467	39 	6  	5.09423
22 	157   	88.6983	2398.25    	41.5258	172.757	20.5467	42 	6  	5.92912
23 	152   	76.8698	1179.66    	43.7814	78.1522	21.2633	42 	1  	6.01504
24 	160   	77.5232	1211.54    	38.7034	88.3937	22.7   	46 	7  	6.67508
25 	172   	88.5858	2397.44    	38.7034	179.225	23.3367	60 	2  	7.77367
26 	168   	89.7712	2988.6     	27.5027	209.83 	24.6533	55 	1  	8.07588
27 	179   	97.7087	6701.68    	27.9497	394.969	26.2033	54 	5  	8.3707 
28 	165   	87.2192	5413.42    	25.0392	317.584	27.2333	64 	8  	9.25197
29 	174   	84.8717	1877.19    	27.9081	180.16 	28.8   	64 	3  	9.62497
30 	154   	87.2137	3010.91    	27.1675	236.259	30.6333	67 	8  	10.4674
31 	186   	185.679	15697.2    	16.4463	1090.14	31.8167	74 	6  	11.305 
32 	160   	111.435	15440.2    	16.4463	889.915	32.2933	71 	1  	11.0309
33 	157   	74.6577	3852.81    	14.2132	246.94 	34.17  	68 	8  	11.5793
34 	162   	604.736	147388     	8.32402	8529.46	37.3333	69 	1  	12.7727
35 	172   	39092.4	1.03752e+07	6.07511	602367 	38.6967	70 	1  	13.6555
36 	181   	216.253	23002.7    	7.27116	1479.94	39.5267	90 	8  	14.5025
37 	184   	122.259	6637.66    	6.12444	554.639	39.8233	71 	1  	14.877 
38 	159   	196.081	13553      	6.12444	1176.05	41.7333	72 	5  	13.6956
39 	158   	83.975 	5548.69    	5.31563	418.732	43.4   	73 	3  	13.3883
40 	161   	105.581	8544.37    	4.93407	710.606	43.7967	82 	1  	13.2517
41 	156   	61.1669	4329.74    	3.94998	351.03 	44     	85 	5  	13.3064
42 	161   	51.4455	4371.38    	3.38526	259.039	44.6933	78 	3  	12.8825
43 	162   	62.4487	7830.06    	3.38526	454.881	46.42  	103	12 	13.1336
44 	167   	1021.23	279523     	2.9655 	16115.6	47.2167	91 	12 	12.6882
45 	156   	37.3687	1157.91    	3.38526	99.2734	48.1   	78 	3  	11.6815
46 	180   	51.1506	3535.06    	2.41134	218.276	48.7967	84 	14 	11.7298
47 	183   	3387.07	985290     	3.34696	56788.5	49.4633	76 	3  	11.4985
48 	139   	38.4579	2235.17    	2.75796	156.271	52.8133	94 	18 	11.5504
49 	164   	54.6752	4362.67    	2.75796	357.515	55.64  	94 	20 	10.1563
50 	146   	86.3314	8457.66    	2.3727 	644.318	57.52  	96 	7  	9.8676 
--------------------------------------------------------------------------------

Best individual:
Required sequence: 1, 1, 0, 0, 2, 10, 4, 40, 92, 352, 724, 2680, 14200, 73712, 365596, 2279184, 14772512, 95815104, 666090624, 4968057848, 39029188884, 314666222712, 2691008701644, 24233937684440, 227514171973736, 2207893435808352, 22317699616364044, 234907967154122528
Actual sequence:   0.5838531634528576, 1.0026552383442753, 4.12307990151913, 0.31557540187387456, 1.8604529329589363, 8.972538119420008, 4.219635086317638, 40.76528018668175, 8.130404356703908, 9.31980895246701, 5.688562016039315, 14.13539497754464, 9.251834924501573, 14.230468069750163, 13.164695770805148, 14.126046906730494, 13.614237822739575, 18.534957384738878, 17.84368404597046, 17.018678768300774, 23.93184845366019, 18.224927105762067, 16.157519790102498, 21.061810882035587, 31.74042855309701, 21.321360092897788, 16.00557112231492, 25.934451124434148


Best algorithm: add(add(add(n, sin(protected_divide(cos(1), mul(protected_divide(n, n), cos(n))))), add(add(cos(add(n, add(add(-1, n), sub(n, 1)))), sin(protected_divide(sin(sin(protected_divide(1, cos(add(n, n))))), sin(n)))), protected_divide(cos(1), protected_divide(n, sin(n))))), protected_divide(1, cos(protected_divide(protected_divide(cos(cos(add(n, n))), sin(n)), cos(add(n, n))))))

Failed!