   	      	                      fitness                      	              size             
   	      	---------------------------------------------------	-------------------------------
gen	nevals	avg       	max        	min    	std        	avg    	max	min	std    
0  	300   	379.099   	27308.5    	103.75 	1911.28    	3.53667	7  	2  	1.39355
1  	147   	190.141   	1396.5     	103.75 	109.458    	3.74   	11 	1  	1.50966
2  	174   	169.927   	1396.5     	103.75 	131.28     	4.20333	13 	1  	1.89965
3  	171   	137.53    	893        	100.5  	61.5167    	4.08   	13 	1  	2.02491
4  	170   	121.975   	1396.5     	100.5  	79.3552    	3.86667	15 	1  	2.04505
5  	186   	113.463   	323.5      	100.5  	26.4887    	3.76333	14 	1  	1.8993 
6  	159   	112.285   	483.5      	100.5  	32.8643    	3.84   	11 	1  	1.92555
7  	171   	108.607   	325.993    	97.9092	23.6796    	4.43667	17 	1  	2.37753
8  	179   	108.596   	230.75     	94.625 	20.4077    	5.14667	17 	1  	2.57782
9  	167   	108.666   	483.5      	94.625 	37.684     	5.88333	17 	1  	2.6639 
10 	175   	105.926   	323.5      	90.5   	18.9319    	6.36333	18 	1  	2.82217
11 	178   	107.119   	483.5      	88.125 	30.336     	6.73   	17 	1  	2.74902
12 	148   	103.312   	223.376    	88.125 	14.3632    	8.02   	21 	3  	3.48132
13 	166   	102.576   	267.947    	86.8374	19.7434    	9.64   	23 	3  	3.97539
14 	150   	99.7463   	215.25     	87.9857	15.3858    	10.6233	24 	2  	4.08919
15 	172   	101.958   	587.451    	86.5806	35.2965    	11.83  	24 	1  	4.31135
16 	167   	129.764   	9487.5     	84.76  	541.982    	13.3567	38 	3  	5.41136
17 	150   	98.3434   	700.859    	69.4557	38.9715    	14.8333	33 	2  	4.77482
18 	171   	97.5709   	503.44     	69.4557	30.056     	15.71  	36 	1  	5.65914
19 	163   	99.7551   	832.009    	60.4974	56.1741    	17.4967	45 	2  	6.96587
20 	178   	99.5687   	1943.68    	32.2371	107.987    	19.8   	48 	3  	8.36182
21 	182   	206.365   	31939.9    	32.2371	1836.22    	23.23  	53 	1  	9.24286
22 	165   	2.9923e+07	8.97686e+09	32.2371	5.17415e+08	26.1367	52 	3  	8.76915
23 	156   	118.03    	6954.11    	12.9538	411.347    	28.1633	60 	1  	9.98015
24 	190   	125.551   	7946.86    	12.9538	515.985    	29.7933	69 	3  	10.3468
25 	180   	283.627   	28828.2    	9.11077	1777.01    	31.49  	76 	3  	11.5624
26 	176   	113.299   	7183.01    	9.36728	520.987    	33.2733	71 	3  	11.8081
27 	180   	1209.55   	197718     	8.5248 	13158.6    	35.5467	71 	3  	12.1453
28 	161   	117.086   	6030.45    	5.78341	525.571    	37.5567	79 	3  	12.4569
29 	185   	25436.9   	3.99015e+06	5.78341	307922     	37.29  	92 	3  	12.1622
30 	182   	217.376   	31291.3    	5.78341	1892.61    	38.7167	90 	5  	11.5685
31 	165   	13383.4   	3.98176e+06	5.78341	229498     	38.6467	97 	3  	11.9374
32 	164   	113.936   	13002.8    	5.19915	854.086    	39.17  	97 	3  	11.5514
33 	165   	11300     	3.34684e+06	5.19915	192902     	40.1633	91 	3  	12.5779
34 	165   	133.42    	22363.8    	4.19647	1323.61    	39.96  	91 	5  	13.1757
35 	168   	133.32    	7342.77    	4.19647	680.987    	39.1233	102	3  	12.7769
36 	177   	149.893   	8493.93    	4.06865	774.136    	38.7633	85 	5  	12.1351
37 	165   	22105.7   	6.59489e+06	3.84937	380114     	37.57  	104	3  	13.8347
38 	161   	16623.6   	4.9465e+06 	3.84937	285103     	38.7867	100	1  	11.9153
39 	168   	796.221   	171756     	3.02807	10007.7    	41.8167	92 	2  	12.4356
40 	156   	87.2075   	6061.67    	3.02807	510.146    	44.29  	88 	3  	13.9109
41 	156   	189.491   	37849.9    	3.02807	2204       	48.0233	88 	3  	13.4143
42 	170   	99.1324   	6025.04    	3.02807	564.348    	49.7533	91 	3  	12.5352
43 	157   	117.501   	22060.4    	3.02807	1287.73    	49.58  	100	3  	13.2739
44 	161   	49.8413   	6230.75    	3.02807	361.269    	51.51  	94 	3  	13.2985
45 	180   	275.193   	22006.6    	3.02807	1969.44    	52.8033	86 	1  	14.1635
46 	171   	383.834   	52662.4    	2.36064	3408.36    	57.91  	89 	3  	13.3744
47 	177   	42.2592   	5023.58    	2.36064	293.454    	60.2   	114	5  	15.0397
48 	171   	175.043   	22009.4    	2.36064	1516.98    	62.4233	89 	1  	16.7391
49 	187   	94.5429   	6866.81    	2.36064	605.544    	65.7067	107	1  	15.7762
50 	154   	144.712   	21990.1    	2.36064	1359.5     	69.3833	136	3  	13.5522
--------------------------------------------------------------------------------

Best individual:
Required sequence: 1, 1, 0, 0, 2, 10, 4, 40, 92, 352, 724, 2680, 14200, 73712, 365596, 2279184, 14772512, 95815104, 666090624, 4968057848, 39029188884, 314666222712, 2691008701644, 24233937684440, 227514171973736, 2207893435808352, 22317699616364044, 234907967154122528
Actual sequence:   1, 1, 0, 0, 2, 6, 6, 40, 10, 12, 13, 37, 19, 19, 23, 24, 25, 28, 27, 31, 34, 37, 37, 40, 43, 44, 46, 49


Best algorithm: add(add(sub(cos(sub(1, add(sub(n, protected_divide(add(add(n, n), n), n)), n))), protected_divide(add(add(sub(add(n, add(sub(n, protected_divide(add(add(protected_divide(n, cos(add(n, 0))), n), n), n)), n)), protected_divide(1, cos(add(sub(n, protected_divide(add(add(n, n), n), n)), n)))), add(n, n)), n), n)), n), n)

Failed!