   	      	                          fitness                          	              size             
   	      	-----------------------------------------------------------	-------------------------------
gen	nevals	avg        	max        	min        	std        	avg    	max	min	std    
0  	300   	4.86118e+37	4.86118e+37	4.86118e+37	9.44473e+21	3.75333	7  	2  	1.56178
1  	155   	4.86118e+37	4.86118e+37	4.86118e+37	9.44473e+21	3.8    	11 	1  	1.65731
2  	161   	4.86118e+37	4.86118e+37	4.86118e+37	9.44473e+21	3.95   	9  	1  	1.77412
3  	153   	4.86118e+37	4.86118e+37	4.86118e+37	9.44473e+21	4.02333	12 	1  	1.91384
4  	166   	4.86118e+37	4.86118e+37	4.86118e+37	9.44473e+21	4.22333	12 	1  	2.07849
5  	154   	4.86118e+37	4.86118e+37	4.86118e+37	9.44473e+21	4.46   	14 	1  	2.40868
6  	175   	4.86118e+37	4.86118e+37	4.86118e+37	9.44473e+21	4.48333	13 	1  	2.28102
7  	150   	4.86118e+37	4.86118e+37	4.86118e+37	9.44473e+21	4.56333	16 	1  	2.48716
8  	162   	4.86118e+37	4.86118e+37	4.86118e+37	9.44473e+21	4.88333	16 	1  	2.91943
9  	170   	4.86118e+37	4.86118e+37	4.86118e+37	9.44473e+21	5.01   	19 	1  	3.27362
10 	170   	4.86118e+37	4.86118e+37	4.86118e+37	9.44473e+21	5.13667	20 	1  	3.48013
11 	176   	4.86118e+37	4.86118e+37	4.86118e+37	9.44473e+21	5.45   	18 	1  	3.53093
12 	181   	4.86118e+37	4.86118e+37	4.86118e+37	9.44473e+21	5.36667	18 	1  	3.40963
13 	158   	4.86118e+37	4.86118e+37	4.86118e+37	9.44473e+21	5.05333	24 	1  	3.43081
14 	161   	4.86118e+37	4.86118e+37	4.86118e+37	9.44473e+21	5.1    	24 	1  	3.87857
15 	158   	4.86118e+37	4.86118e+37	4.86118e+37	9.44473e+21	5.26667	24 	1  	4.04502
16 	157   	4.86118e+37	4.86118e+37	4.86118e+37	9.44473e+21	5.48333	24 	1  	4.23671
17 	166   	4.86118e+37	4.86118e+37	4.86118e+37	9.44473e+21	5.46333	28 	1  	4.37516
18 	157   	4.86118e+37	4.86118e+37	4.86118e+37	9.44473e+21	5.69333	28 	1  	4.6704 
19 	163   	4.86118e+37	4.86118e+37	4.86118e+37	9.44473e+21	5.76333	28 	1  	4.77151
20 	190   	4.86118e+37	4.86118e+37	4.86118e+37	9.44473e+21	5.62333	28 	1  	4.83613
21 	158   	4.86118e+37	4.86118e+37	4.86118e+37	9.44473e+21	5.92333	28 	1  	4.56188
22 	146   	4.86118e+37	4.86118e+37	4.86118e+37	9.44473e+21	6.37333	28 	1  	4.84293
23 	147   	4.86118e+37	4.86118e+37	4.86118e+37	9.44473e+21	6.52333	26 	1  	5.08555
24 	163   	4.86118e+37	4.86118e+37	4.86118e+37	9.44473e+21	6.90333	25 	1  	5.13296
25 	168   	4.86118e+37	4.86118e+37	4.86118e+37	9.44473e+21	6.96667	28 	1  	5.13604
26 	173   	4.86118e+37	4.86118e+37	4.86118e+37	9.44473e+21	7.17   	31 	1  	5.23843
27 	160   	4.86118e+37	4.86118e+37	4.86118e+37	9.44473e+21	6.78333	31 	1  	4.81903
28 	170   	4.86118e+37	4.86118e+37	4.86118e+37	9.44473e+21	6.92667	26 	1  	4.8848 
29 	167   	4.86118e+37	4.86118e+37	4.86118e+37	9.49184e+21	6.72667	22 	1  	4.70234
30 	148   	4.86118e+37	4.86118e+37	4.86118e+37	9.44473e+21	6.76333	22 	1  	4.55565
31 	166   	4.86118e+37	4.86118e+37	4.86118e+37	9.44473e+21	6.57667	23 	1  	4.74174
32 	147   	4.86118e+37	4.86118e+37	4.86118e+37	9.44473e+21	6.37333	21 	1  	4.74629
33 	165   	4.86118e+37	4.86118e+37	4.86118e+37	9.44473e+21	6.24   	21 	1  	4.61256
34 	152   	4.86118e+37	4.86118e+37	4.86118e+37	9.44473e+21	6.15   	21 	1  	4.34598
35 	172   	4.86118e+37	4.86118e+37	4.86118e+37	9.44473e+21	6.06667	22 	1  	4.06393
36 	164   	4.86118e+37	4.86118e+37	4.86118e+37	9.44473e+21	5.88667	23 	1  	4.15939
37 	154   	4.86118e+37	4.86118e+37	4.86118e+37	9.49184e+21	5.64   	23 	1  	3.95269
38 	146   	4.86118e+37	4.86118e+37	4.86118e+37	9.44473e+21	5.63333	23 	1  	3.80599
39 	168   	4.86118e+37	4.86118e+37	4.86118e+37	9.44473e+21	5.35667	26 	1  	3.72059
40 	162   	4.86118e+37	4.86118e+37	4.86118e+37	9.44473e+21	5.27   	29 	1  	3.69555
41 	157   	4.86118e+37	4.86118e+37	4.86118e+37	9.44473e+21	5.25   	29 	1  	3.67344
42 	160   	4.86118e+37	4.86118e+37	4.86118e+37	9.49184e+21	5.33   	30 	1  	3.60015
43 	169   	4.86118e+37	4.86118e+37	4.86118e+37	9.44473e+21	5.22333	19 	1  	3.31363
44 	163   	4.86118e+37	4.86118e+37	4.86118e+37	9.44473e+21	5.40667	17 	1  	3.20748
45 	148   	4.86118e+37	4.86118e+37	4.86118e+37	9.44473e+21	5.67333	17 	1  	3.38329
46 	165   	4.86118e+37	4.86118e+37	4.86118e+37	9.44473e+21	5.92   	22 	1  	3.72294
47 	162   	4.86118e+37	4.86118e+37	4.86118e+37	9.44473e+21	5.82   	22 	1  	3.86363
48 	167   	4.86118e+37	4.86118e+37	4.86118e+37	9.44473e+21	6.03   	26 	1  	4.05081
49 	167   	4.86118e+37	4.86118e+37	4.86118e+37	9.44473e+21	6.19333	26 	1  	4.49102
50 	169   	4.86118e+37	4.86118e+37	4.86118e+37	9.44473e+21	6.5    	29 	1  	4.86792
--------------------------------------------------------------------------------

Best individual:
Required sequence: 3, 5, 17, 257, 65537, 4294967297, 18446744073709551617
Actual sequence:   -1, -1, -1, -1, -1, -1, -1


Best algorithm: add(add(-1, 1), neg(1))

Failed!