   	      	                          fitness                          	              size             
   	      	-----------------------------------------------------------	-------------------------------
gen	nevals	avg        	max        	min     	std        	avg    	max	min	std    
0  	300   	73.6945    	1800.38    	6.875   	205.63     	3.63333	7  	2  	1.54668
1  	161   	47.4657    	3826.88    	6.875   	246.289    	3.83   	10 	1  	1.66966
2  	167   	37.1801    	1044.86    	6.625   	119.295    	3.91   	13 	1  	1.84081
3  	164   	24.9407    	828.625    	6.625   	93.9784    	3.90333	17 	1  	2.23472
4  	162   	30.4277    	1072.88    	6.625   	121.028    	4.02667	17 	1  	2.44526
5  	187   	19.334     	828.625    	6.625   	68.4263    	3.82667	14 	1  	1.97061
6  	169   	15.8396    	828.625    	6.49155 	49.4835    	3.82   	13 	1  	1.59403
7  	162   	24.5493    	1085.12    	6.49155 	92.1798    	3.99667	12 	1  	1.73685
8  	146   	17.0114    	784.375    	5.2616  	46.8298    	4.10667	11 	1  	1.58176
9  	152   	41046.8    	1.23091e+07	5.2616  	709483     	4.48333	10 	1  	1.66625
10 	184   	14.3169    	104.375    	5.2616  	13.5001    	4.98667	11 	1  	1.78694
11 	154   	18.3049    	1468.88    	5.15549 	85.2313    	5.42333	12 	1  	1.79373
12 	144   	13.1911    	104.375    	5.15549 	13.1075    	5.7    	12 	1  	1.64215
13 	179   	16.9403    	828.625    	5.15549 	48.7312    	5.79333	13 	1  	1.88077
14 	161   	16.0702    	682.488    	4.97098 	41.5299    	6.14333	13 	1  	2.0598 
15 	174   	25.207     	1411.12    	4.97098 	124.06     	6.65333	19 	1  	2.36358
16 	157   	19.3287    	828.625    	4.51972 	77.5001    	6.78667	16 	1  	2.42373
17 	168   	24.5215    	1085.12    	4.51972 	103.877    	7.43333	18 	2  	2.75298
18 	170   	24.452     	1411.12    	2.30538 	111.918    	7.61333	22 	2  	3.13323
19 	160   	17.3469    	828.625    	2.30538 	67.9685    	8.04   	20 	1  	3.16624
20 	177   	37.8797    	1551.12    	2.30538 	154.391    	8.61667	19 	1  	3.41219
21 	150   	24.6833    	1411.12    	2.30538 	115.549    	9.27667	22 	1  	3.73365
22 	174   	25.3958    	1121.62    	2.30538 	107.998    	10.4767	23 	1  	4.02196
23 	173   	26.5555    	1106.13    	2.19399 	118.523    	11.5833	32 	1  	4.49997
24 	164   	12.2368    	593.215    	2.19399 	37.275     	12.5567	30 	1  	4.81873
25 	161   	20.3806    	1515.14    	2.09714 	115.567    	14.1167	31 	3  	5.41077
26 	164   	27.8642    	1461.72    	2.09714 	137.299    	15.5733	30 	4  	5.09359
27 	147   	11.2908    	914.295    	2.00934 	53.4891    	16.8   	43 	1  	5.95259
28 	152   	33.6194    	5155.94    	2.00934 	308.947    	17.1867	39 	4  	5.00118
29 	159   	280.593    	78834.1    	2.00934 	4543.58    	17.0233	32 	2  	4.76754
30 	152   	18.4435    	1019.28    	2.00934 	98.1271    	16.9467	40 	1  	5.69829
31 	161   	16.3479    	994.767    	2.00934 	81.5093    	17.9133	41 	1  	5.69612
32 	178   	18.4637    	1112.13    	2.00934 	87.8488    	18     	43 	1  	6.51409
33 	151   	91.9329    	20614.7    	2.00934 	1211.94    	19.2967	58 	3  	6.68047
34 	169   	151.762    	20614.7    	1.26315 	1674.93    	20.2033	52 	1  	7.15742
35 	185   	1.26496e+07	1.89958e+09	1.26315 	1.54408e+08	20.8533	45 	3  	6.82826
36 	140   	76.652     	20546.4    	1.26315 	1184.1     	21.6933	42 	5  	6.13128
37 	162   	6.31771e+06	1.89529e+09	1.26315 	1.09242e+08	22.2767	51 	3  	6.49975
38 	171   	82.3439    	20546.4    	1.26315 	1186.43    	23.1   	41 	3  	6.17711
39 	172   	98.3035    	20565.3    	1.20139 	1214.48    	24.03  	51 	1  	6.78644
40 	154   	149.158    	20546.4    	1.26315 	1672.55    	24.7433	52 	2  	6.55318
41 	149   	115.321    	29020.2    	1.26315 	1681.16    	24.8567	56 	1  	6.62944
42 	176   	12.2562    	1012.62    	1.06347 	64.2341    	25.7333	56 	1  	7.18208
43 	165   	136.133    	29020.2    	1.06347 	1697.37    	26.1033	57 	1  	7.90818
44 	162   	212.682    	29138.7    	1.06347 	2367.01    	25.3   	55 	2  	6.5    
45 	179   	12.8219    	1077.48    	1.06347 	70.1243    	25     	47 	3  	5.95259
46 	181   	122.209    	29130.9    	0.99187 	1683.22    	25.68  	47 	1  	6.47232
47 	181   	37.2937    	4693.79    	0.99187 	291.408    	25.2833	50 	2  	7.07223
48 	166   	15.7772    	1085.12    	0.99187 	92.6276    	25.3367	53 	1  	6.634  
49 	177   	277.085    	79021.6    	0.99187 	4554.51    	26.0133	49 	5  	6.93492
50 	179   	122.733    	33311.5    	0.782148	1920.55    	25.64  	53 	3  	7.56728
--------------------------------------------------------------------------------

Best individual:
Required sequence: 1, 0, 0, 1, 2, 1, 6, 12, 46, 92, 341, 1787, 9233, 45752, 285053, 1846955, 11977939, 83263591, 621012754, 4878666808, 39333324973, 336376244042, 3029242658210, 28439272956934, 275986683743434, 2789712466510289, 29363495934315694
Actual sequence:   1, 0, 0, 1, 3, 2, 6, 10, 8, 8, 7, 10, 10, 15, 15, 13, 15, 17, 19, 20, 22, 21, 21, 20, 24, 28, 28


Best algorithm: add(add(sin(mul(sub(n, sub(sub(n, cos(n)), cos(mul(n, n)))), n)), protected_divide(sin(sub(sub(n, cos(n)), cos(mul(n, n)))), sub(1, cos(-1)))), add(n, -1))

Failed!