   	      	            fitness            	              size             
   	      	-------------------------------	-------------------------------
gen	nevals	avg    	max    	min    	std    	avg    	max	min	std    
0  	300   	157.111	27154.5	6.875  	1573.25	3.56   	7  	2  	1.47187
1  	175   	28.6256	1138.38	6.875  	91.2334	3.70333	10 	1  	1.53036
2  	171   	35.742 	1411.12	6.625  	119.078	3.87   	9  	1  	1.54912
3  	170   	41.6294	1499.12	6.49155	169.146	3.85   	10 	1  	1.41921
4  	175   	219.526	55889.4	6.49155	3221.64	3.78333	9  	1  	1.36981
5  	157   	37.8102	3809.12	6.49155	239.506	3.8    	11 	1  	1.50111
6  	160   	18.0754	828.625	6.625  	49.6488	3.58   	9  	1  	1.22076
7  	192   	27.169 	1072.88	6.625  	89.4608	3.82333	10 	1  	1.48508
8  	160   	23.4173	1468.88	5.33088	95.8791	4.06   	9  	1  	1.53288
9  	166   	19.388 	784.375	5.33088	47.0786	4.36667	14 	1  	1.81812
10 	188   	20.9496	1072.88	5.33088	63.2344	4.97667	14 	1  	2.25006
11 	140   	14.9189	101.728	5.33088	14.7338	5.59667	16 	1  	2.68589
12 	161   	26.6808	1138.38	5.33088	109.686	6.15333	19 	1  	3.03037
13 	168   	157.476	41825.9	5.33088	2410.28	6.98333	19 	1  	3.45684
14 	155   	14.2621	636.423	4.80121	38.2852	7.85333	25 	1  	4.07085
15 	168   	12.7936	141.875	4.79632	16.2563	9.12333	25 	1  	4.3583 
16 	162   	16.2165	1085.12	4.57966	63.3763	9.88667	25 	2  	4.7174 
17 	166   	10.9058	163.625	4.57966	13.622 	11.81  	31 	3  	5.36475
18 	150   	10.7307	104.375	3.95953	13.5422	12.7267	31 	1  	5.77281
19 	158   	10.5991	285.125	3.95953	20.6179	14.13  	33 	1  	6.5838 
20 	157   	9.89879	226.427	3.31461	16.5248	15.2667	45 	3  	7.37895
21 	169   	8.59612	129.47 	3.31461	11.1574	17.04  	42 	3  	7.53647
22 	161   	9.10283	204.875	3.31461	14.9346	18.6333	38 	1  	7.37646
23 	162   	7.98616	59.125 	3.31461	9.16257	19.2733	41 	3  	7.58894
24 	154   	9.05974	248.201	3.29375	18.0354	20.8067	57 	3  	7.96174
25 	160   	11.307 	1139.62	2.89648	65.936 	22.2367	65 	2  	8.83029
26 	179   	7.62717	48.481 	2.89648	9.57346	24.7333	62 	1  	10.4462
27 	162   	753.128	223968 	2.95868	12908.9	26.2667	66 	1  	10.1049
28 	186   	7.17584	122.173	2.78311	10.9768	28.3633	57 	1  	10.2087
29 	164   	6.10627	55.3561	2.78311	7.38874	28.7767	60 	1  	11.0018
30 	160   	6.49107	88.625 	2.45151	9.53803	31.02  	61 	3  	11.2951
31 	180   	7.12266	129.475	2.11388	13.9087	32.0867	77 	3  	12.5767
32 	174   	7.07965	227.537	2.11388	15.9364	34.5667	79 	3  	13.9881
33 	167   	5.85553	58.6916	2.11388	8.76024	36.5033	79 	1  	14.1846
34 	177   	6.15587	74.2209	2.35241	9.91868	38.4533	82 	1  	14.7108
35 	148   	5.72662	106.059	2.26676	10.2191	40.02  	90 	3  	14.2919
36 	161   	5.61024	112.956	2.11388	10.6337	43.0833	90 	1  	14.5608
37 	166   	5.78694	59.125 	2.11388	8.88554	44.3833	104	3  	17.4842
38 	169   	6.92554	204.875	2.11388	19.7109	48.74  	110	3  	18.1427
39 	164   	5.27913	126.621	1.77328	12.2517	52.4567	111	3  	17.3063
40 	164   	5.11062	107.28 	1.77328	10.0685	53.7033	107	3  	18.2558
41 	178   	183.421	53710.6	1.77328	3095.57	57.9167	110	1  	20.3016
42 	158   	4.14939	59.125 	1.77328	7.42845	58.3   	111	3  	19.7017
43 	152   	4.04468	89.3159	1.71544	8.80653	58.9433	111	3  	19.1466
44 	167   	3.80825	92.7209	1.68173	7.70989	62.3733	124	3  	19.4518
45 	168   	3.90112	44.555 	1.68594	6.80007	64.0933	121	3  	21.1003
46 	187   	3.82319	111.636	1.47586	9.0058 	66.65  	117	3  	16.961 
47 	157   	3.7511 	101.779	1.40802	8.38995	66.8433	133	1  	17.6565
48 	162   	3.59002	48.0189	1.35224	6.7514 	65.9733	117	1  	17.0031
49 	166   	3.37861	59.125 	1.35224	6.43802	66.87  	120	2  	16.5656
50 	176   	3.58892	106.285	1.25134	8.43151	66.4933	128	3  	15.1812
--------------------------------------------------------------------------------

Best individual:
Required sequence: 1, 0, 0, 1, 2, 1, 6, 12, 46, 92, 341, 1787, 9233, 45752, 285053, 1846955, 11977939, 83263591, 621012754, 4878666808, 39333324973, 336376244042, 3029242658210, 28439272956934, 275986683743434, 2789712466510289, 29363495934315694
Actual sequence:   2.3943257928666157, 2.107212164857898, 0.18718613960489483, 1.5808379031702828, 1.1364058793233358, 0.8258553292880713, 6.184663498198794, 10.43680288845067, 5.914901750649948, 7.744405628447766, 7.714745094097159, 6.688849880581421, 10.241846215185145, 17.36876574481023, 12.302975093371678, 13.692841111986056, 14.129439612336565, 13.06790727163969, 14.896928220379245, 22.41323450974751, 19.8576675836943, 19.398897344268207, 20.44282101592327, 19.76408020227701, 20.08478472858726, 26.367170285860837, 28.27702533112847


Best algorithm: add(n, sub(sub(sub(sub(sub(-1, cos(sub(1, sub(cos(n), add(1, n))))), cos(sub(n, sub(cos(n), add(1, n))))), cos(sub(cos(sub(protected_divide(0, 0), sub(add(cos(n), add(add(1, n), 1)), 1))), add(1, n)))), cos(sub(cos(sub(add(cos(n), 1), add(1, n))), add(1, n)))), cos(sub(cos(n), sub(1, sub(cos(n), add(1, n)))))))

Failed!