   	      	                fitness                	              size             
   	      	---------------------------------------	-------------------------------
gen	nevals	avg    	max    	min     	std    	avg    	max	min	std    
0  	300   	220.005	2192.88	16.375  	159.965	3.81333	7  	2  	1.61817
1  	183   	175.054	2192.88	10.9824 	141.953	3.98   	11 	1  	2.03624
2  	174   	137.93 	2192.88	2.375   	175.209	4.34   	13 	1  	2.25486
3  	149   	86.0938	1730.26	2.375   	124.081	4.47   	11 	1  	2.13442
4  	174   	71.9752	1686.62	2.375   	156.571	4.73667	13 	1  	2.23472
5  	156   	52.9388	2785.38	1.625   	200.188	5.30667	16 	1  	2.4398 
6  	162   	47.4511	2117.62	1.625   	185.825	6.30667	18 	1  	2.71403
7  	159   	24.1458	738.875	1.2628  	56.2844	7.2    	18 	1  	2.88675
8  	151   	17.2719	203.059	1.2628  	35.6563	7.20667	19 	1  	2.93439
9  	157   	20.495 	861.875	1.2628  	75.5721	7.55333	29 	1  	3.34073
10 	149   	12.1826	364.375	1.2628  	33.3058	7.56   	21 	1  	3.02761
11 	165   	24.5854	3317.38	0.889794	192.579	7.67667	19 	1  	2.95727
12 	150   	13.7568	223.625	0.889794	31.4916	8.63333	22 	3  	2.77108
13 	177   	23.6338	404.97 	0.889794	49.0428	9.23333	22 	1  	3.07878
14 	154   	29.5158	2117.62	0.889794	128.005	9.63333	20 	1  	3.14201
15 	160   	21.6681	223.625	0.889794	41.3889	10.3067	25 	1  	3.16954
16 	184   	32.3881	1334.45	0.889794	113.089	10.5633	26 	1  	3.27811
17 	153   	29.2779	2192.88	0.889794	133.466	10.81  	22 	1  	3.21568
18 	152   	23.7472	482.236	0.841384	53.4316	11.71  	23 	1  	3.51652
19 	161   	15.5977	242.002	0.798456	34.7389	12.54  	24 	1  	3.95159
20 	174   	20.1454	2192.88	0.495318	129.403	13.71  	27 	3  	3.97902
21 	166   	13.075 	366.884	0.495318	37.3263	14.8767	25 	5  	3.42171
22 	182   	17.1072	212.875	0.495318	40.7379	15.7433	26 	3  	3.60242
23 	152   	17.7188	1120.12	0.495318	73.9051	16.4533	34 	1  	3.53287
24 	156   	15.0301	393.903	0.495318	44.6631	16.8967	30 	2  	3.84872
25 	154   	11.5403	225.616	0.471641	34.3505	18.04  	32 	2  	4.28934
26 	151   	16.0918	359.075	0.471641	43.4234	18.6   	41 	3  	4.50703
27 	175   	12.091 	223.625	0.471641	33.1437	19.4133	41 	1  	4.441  
28 	154   	16.0308	1033.74	0.471641	68.9885	19.4867	35 	1  	4.30385
29 	167   	16.0299	1122.2 	0.471641	84.7984	19.78  	41 	3  	4.83511
30 	180   	13.754 	401.85 	0.471641	39.8354	19.7833	39 	3  	4.49849
31 	162   	13.4732	223.625	0.471641	35.4802	19.8933	44 	1  	4.90937
32 	177   	16.3272	199.075	0.471641	35.5614	20.0833	46 	4  	4.6658 
33 	160   	11.4923	221.661	0.471641	32.8705	20.4533	43 	1  	4.78552
34 	177   	17.6649	844.045	0.471641	62.7332	20.6533	41 	2  	4.73073
35 	185   	12.3649	251.875	0.416046	35.1844	21.09  	41 	1  	4.51315
36 	178   	22.3324	2203.31	0.416046	132.691	21.2067	34 	10 	4.05511
37 	183   	12.781 	361.223	0.416046	38.1715	21.5933	37 	2  	4.32912
38 	169   	11.6361	220.846	0.416046	35.8002	21.9467	38 	3  	4.10331
39 	175   	12.1357	221.661	0.416046	36.8866	22.0133	38 	2  	4.3251 
40 	145   	13.0973	1019.77	0.416046	65.5469	22.3733	38 	6  	4.26856
41 	171   	10.5091	237.875	0.416046	32.942 	22.2367	38 	7  	3.84456
42 	175   	15.5118	221.661	0.416046	39.5573	22.5167	49 	1  	5.01495
43 	155   	7.85645	225.616	0.37853 	27.0252	23.2133	42 	1  	4.65344
44 	152   	13.0424	223.625	0.326907	37.5235	23.7467	42 	1  	5.49629
45 	167   	10.6059	587.648	0.311894	42.7435	23.9933	50 	7  	5.45588
46 	178   	9.76206	219.686	0.311894	29.8959	24.5267	43 	2  	5.40395
47 	166   	10.2889	220.668	0.243012	33.1556	24.9767	39 	8  	4.9581 
48 	164   	15.8207	806.046	0.243012	64.8793	25.7233	47 	7  	5.92735
49 	147   	7.36801	225.991	0.243012	24.798 	26.5933	52 	3  	6.34413
50 	169   	7.76021	358.3  	0.243012	30.1125	27.3267	62 	3  	6.34507
--------------------------------------------------------------------------------

Best individual:
Required sequence: 4, 6, 9, 10, 14, 15, 21, 22, 25, 26, 33, 34
Actual sequence:   3.8689910323935948, 5.592929935840983, 8.903911676794102, 10.510126263646814, 13.508422995336433, 15.470788728194194, 21.829096914183506, 22.584017721779023, 26.93502656248855, 28.062371328545584, 32.180578859073506, 33.32975609318465


Best algorithm: add(add(sub(add(n, sin(add(n, sin(n)))), 1), add(n, n)), sin(add(sub(n, sin(add(sub(n, sub(add(n, sin(n)), 1)), add(n, n)))), add(sub(add(n, sin(1)), 1), n))))

Failed!