   	      	                      fitness                      	              size             
   	      	---------------------------------------------------	-------------------------------
gen	nevals	avg    	max        	min     	std        	avg    	max	min	std    
0  	300   	167.732	3032.38    	2.59018 	249.277    	3.68667	7  	2  	1.62126
1  	177   	102.514	484.125    	2.59018 	66.4135    	3.74333	9  	1  	1.66056
2  	156   	91.8455	5259.62    	2.53123 	309.345    	4.23667	13 	1  	1.83321
3  	185   	69.4569	1896.38    	2.53123 	165.882    	4.69   	13 	1  	1.98341
4  	174   	64.2877	5259.62    	2.06797 	340.16     	4.91667	12 	1  	2.05501
5  	178   	384.924	109968     	2.06797 	6337.44    	5.08333	14 	1  	2.09993
6  	175   	25.9898	1553.38    	1.83552 	106.358    	5.1    	12 	1  	1.70978
7  	181   	25.6507	719.875    	1.83552 	65.4237    	5.62   	14 	2  	1.65195
8  	178   	21.3272	1907.22    	1.80159 	113.384    	6.18667	15 	1  	1.9162 
9  	161   	208.134	56575.1    	1.76209 	3260.47    	6.34333	16 	1  	2.0653 
10 	160   	32.2927	2121.57    	1.75208 	156.959    	6.52667	16 	1  	2.13915
11 	169   	35.7849	2260.4     	1.71179 	196.021    	7.05333	18 	2  	2.50409
12 	173   	136.754	30747.5    	1.71179 	1778.87    	7.27   	17 	1  	2.36723
13 	153   	31.9388	2234.69    	1.71179 	154.183    	7.27667	17 	1  	2.2613 
14 	160   	32.789 	2224.97    	1.71179 	168.457    	7.6    	16 	1  	2.33238
15 	150   	78.8165	7821.04    	1.57925 	555.424    	8.08333	16 	1  	2.31583
16 	165   	46.935 	2224.97    	0.935768	213.455    	8.55667	16 	1  	2.49268
17 	170   	33.4947	2199.47    	0.935768	189.731    	9.14333	19 	1  	2.80407
18 	161   	40.4254	4568.73    	0.935768	292.54     	9.82667	20 	3  	2.65643
19 	157   	19.0372	702.401    	0.935768	76.0503    	10.24  	21 	1  	2.4757 
20 	175   	21.0449	1506.22    	0.512399	102.807    	10.5067	20 	1  	2.7562 
21 	173   	40.1514	4493.68    	0.512399	286.951    	10.5833	20 	1  	3.12459
22 	151   	20.2267	2002.43    	0.512399	120.81     	10.94  	31 	1  	3.66193
23 	167   	44.321 	2002.43    	0.512399	215.464    	11.0467	34 	1  	3.74137
24 	140   	30.1076	1109.5     	0.512399	105.322    	11.22  	26 	1  	3.71101
25 	167   	84.587 	2477.16    	0.512399	312.532    	11.2   	29 	2  	4.17532
26 	178   	63.4961	2173.86    	0.425241	262.173    	11.57  	23 	4  	3.78749
27 	169   	48.5994	1585.49    	0.425241	174.664    	11.6033	25 	2  	4.00574
28 	160   	65.5437	2019.08    	0.425241	267.488    	11.69  	25 	1  	4.07356
29 	161   	84.3093	6420.27    	0.425241	438.141    	11.97  	25 	4  	3.89475
30 	175   	66.7409	2260.4     	0.425241	266.461    	11.8467	30 	1  	3.93232
31 	162   	99580.6	2.98535e+07	0.425241	1.72071e+06	11.8967	30 	3  	3.88836
32 	155   	54.0167	4885.29    	0.425241	317.156    	11.5967	28 	1  	3.20323
33 	162   	184.167	14881.1    	0.425241	1247.82    	11.33  	26 	1  	3.43236
34 	179   	126.197	14881.1    	0.425241	885.919    	11.3633	25 	2  	3.36917
35 	175   	53.5082	1967.99    	0.425241	189.506    	11.3033	25 	1  	3.33536
36 	156   	46.8642	1416.86    	0.425241	148.163    	11.8467	26 	1  	3.17435
37 	165   	82.3515	3841.44    	0.425241	345.932    	12.0033	30 	1  	3.28684
38 	156   	97.1935	16600.2    	0.425241	965.644    	12.4367	28 	1  	3.51937
39 	165   	133.23 	16600.2    	0.353415	1014.9     	12.5667	25 	1  	3.20919
40 	170   	232.236	16600.2    	0.353415	1662.2     	12.79  	25 	2  	3.30443
41 	152   	207.68 	16600.2    	0.353415	1528.15    	13     	26 	1  	3.62491
42 	157   	57.3126	6036.24    	0.353415	369.063    	13.3133	27 	4  	3.66813
43 	165   	45.1941	1177.9     	0.353415	136.067    	13.5367	28 	2  	3.6926 
44 	169   	84.2953	16377.1    	0.353415	945.611    	13.81  	32 	3  	4.34441
45 	183   	74.2402	4295.97    	0.353415	326.415    	14.1867	27 	1  	4.562  
46 	169   	3553.48	825903     	0.353415	48812.2    	14.8033	29 	1  	4.91576
47 	159   	664.13 	188791     	0.353415	10880.2    	14.9267	33 	1  	4.73089
48 	156   	77.0359	5943.97    	0.300469	485.942    	15.19  	37 	4  	4.65552
49 	156   	36.0845	1039.16    	0.165394	114.421    	15.08  	30 	1  	4.68048
50 	129   	65.8395	5943.97    	0.165394	383.313    	15.46  	38 	4  	5.0933 
--------------------------------------------------------------------------------

Best individual:
Required sequence: 2, 3, 5, 7, 11, 13, 17, 19, 23, 29
Actual sequence:   2.281007846281076, 3.2729073564483255, 4.8448088424163736, 7.168876482341691, 10.065557470336525, 12.951583722246125, 16.508555263637227, 19.007586796815918, 20.53936453029392, 22.222552967822654


Best algorithm: protected_divide(add(add(cos(add(add(-1, sin(cos(mul(n, add(n, 1))))), n)), add(-1, n)), n), sin(1))

Failed!