   	      	                fitness                	              size             
   	      	---------------------------------------	-------------------------------
gen	nevals	avg    	max    	min      	std    	avg    	max	min	std    
0  	300   	357.948	61086.6	2.875    	3516.34	3.71333	7  	2  	1.57199
1  	182   	126.013	3032.88	2.625    	255.049	3.89333	10 	1  	1.66792
2  	182   	98.9487	4203.38	2.53123  	315.666	4.25333	12 	1  	1.85898
3  	167   	39.4227	1615.62	2.02584  	105.472	4.56667	12 	1  	1.95249
4  	175   	34.7345	1965.62	1.9172   	160.235	4.57667	12 	1  	1.85942
5  	170   	18.45  	680.125	2.02584  	58.2953	4.73   	12 	1  	1.79363
6  	154   	21.3991	1829.12	1.9729   	114.733	5.32333	12 	2  	1.80521
7  	173   	24.4541	1965.62	1.61629  	128.749	5.68333	15 	1  	1.78784
8  	160   	26.8811	3019.78	1.61629  	175.539	6.21667	14 	1  	1.93125
9  	153   	19.968 	1102.66	1.53942  	81.1198	6.55667	14 	1  	1.89915
10 	169   	214.235	53280.6	1.53942  	3077.96	6.91667	14 	1  	2.12831
11 	167   	39.2964	3501.88	1.32703  	233.504	7.15667	17 	1  	2.20427
12 	179   	19.6068	754.873	1.19625  	71.2436	7.7    	14 	1  	2.37697
13 	149   	17.1153	1049.2 	1.19625  	86.9165	8.55   	18 	1  	2.72779
14 	184   	23.4347	1067.99	1.19625  	111.706	9.70333	21 	1  	3.20551
15 	150   	12.3171	737.171	1.19625  	54.9336	10.6433	23 	1  	3.41703
16 	172   	23.0194	1006.62	0.889929 	107.272	11.1833	24 	3  	3.55102
17 	164   	18.5889	1056.8 	0.82927  	104.771	12.3433	27 	1  	3.94531
18 	171   	17.9346	763.559	0.662881 	95.2557	13.1567	29 	3  	4.15517
19 	165   	5.39446	47.7835	0.662881 	9.39395	14.36  	31 	1  	4.63577
20 	165   	10.227 	1026.2 	0.48768  	60.5199	16.1967	33 	1  	4.93673
21 	180   	6.24772	240.375	0.48768  	17.7745	17.96  	39 	2  	5.22989
22 	160   	7.63875	719.875	0.48768  	43.1245	19.1133	39 	1  	5.34607
23 	165   	14.1309	1009.52	0.48768  	88.4077	20.1067	46 	3  	6.18562
24 	162   	10.264 	1047.16	0.48768  	84.3741	21.73  	50 	3  	6.53226
25 	173   	13.2345	1053.38	0.457528 	95.6256	22.8167	47 	3  	6.25378
26 	178   	4.45521	128.375	0.457528 	12.4296	23.9267	53 	3  	7.44186
27 	134   	14.0466	1630.54	0.441374 	111.987	25.0567	57 	1  	8.31706
28 	160   	8.65763	1336.93	0.398448 	77.4438	26.1667	59 	3  	7.56784
29 	146   	25.0887	1591.16	0.398448 	149.221	26.3567	50 	3  	7.63737
30 	161   	4.45717	128.375	0.362341 	11.777 	26.8433	52 	3  	7.55858
31 	162   	4.97285	581.563	0.263133 	34.8687	27.11  	52 	3  	7.08928
32 	148   	3.52857	122.516	0.263133 	10.0322	27.9667	71 	3  	7.64758
33 	158   	10.3668	1264.46	0.265808 	81.3514	29.0933	59 	3  	7.80201
34 	154   	7.6746 	789.77 	0.265808 	58.7096	30.37  	53 	1  	8.53892
35 	153   	9.02184	1302.78	0.209453 	82.1632	31.7167	57 	1  	9.14784
36 	181   	2.35269	36.3498	0.209453 	6.1677 	34.1267	64 	3  	10.157 
37 	178   	3.42519	118.266	0.190677 	10.1211	36.29  	73 	2  	10.8854
38 	150   	2.13229	40.125 	0.121302 	6.28286	39.7933	76 	3  	10.9546
39 	173   	2.8579 	110.125	0.109899 	9.98542	40.7733	82 	1  	12.5797
40 	154   	6.16836	1148.38	0.109899 	66.8784	42.7933	68 	1  	10.0544
41 	156   	3.43049	128.375	0.0979985	12.3427	43.1033	81 	3  	11.9557
42 	151   	1.82354	125.134	0.0969469	8.73408	43.4967	77 	5  	11.2864
43 	156   	2.42244	121.544	0.0969469	9.50346	44.74  	83 	3  	12.8413
44 	158   	2.36106	122.176	0.0969469	9.46127	46.6233	85 	3  	12.0558
45 	160   	2.34995	60.5126	0.0937096	8.00512	49.9433	102	4  	13.1278
46 	181   	2.06388	145.281	0.0937096	9.8851 	53.0833	85 	2  	13.4933
47 	184   	1.37527	31.2539	0.0937096	4.81134	55.12  	88 	3  	12.6451
48 	164   	1.60142	47.2544	0.0935392	6.16961	55.5067	90 	3  	12.6942
49 	178   	2.16177	44.4288	0.0825419	7.01555	56.7033	96 	3  	13.1033
50 	137   	1.40993	34.2858	0.0923951	4.95279	57.85  	97 	3  	12.8104
--------------------------------------------------------------------------------

Best individual:
Required sequence: 2, 3, 5, 7, 11, 13, 17, 19, 23, 29
Actual sequence:   2, 3, 5, 7, 11, 13, 17, 19, 19, 20


Best algorithm: add(add(cos(mul(sin(sin(1)), add(1, n))), add(cos(mul(sin(1), add(cos(mul(cos(mul(sin(add(1, cos(add(0, n)))), n)), n)), mul(sin(1), add(1, n))))), add(cos(sin(1)), n))), n)

Failed!