   	      	            fitness            	              size              
   	      	-------------------------------	--------------------------------
gen	nevals	avg    	max    	min	std    	avg    	max	min	std     
0  	300   	63.0355	1446   	0  	163.46 	3.57   	7  	2  	1.53572 
1  	170   	30.2149	1446   	0  	95.9121	3.65   	12 	1  	1.67556 
2  	152   	28.183 	1446   	0  	114.681	3.63   	8  	1  	1.52089 
3  	160   	14.8441	998.5  	0  	59.9736	3.66667	12 	1  	1.75752 
4  	149   	23.5145	798    	0  	102.851	3.40333	9  	1  	1.49242 
5  	166   	15.8613	798    	0  	81.2168	3.07667	9  	1  	1.59085 
6  	153   	153.82 	39679.5	0  	2289.58	2.89667	10 	1  	1.73186 
7  	158   	27.0389	1446   	0  	145.455	2.66   	9  	1  	1.72561 
8  	146   	20.2627	1497.2 	0  	136.244	2.55333	9  	1  	1.68933 
9  	180   	10.3102	798    	0  	66.3889	2.44667	10 	1  	1.82405 
10 	168   	16.7301	1446   	0  	114.438	2.31   	12 	1  	1.73798 
11 	161   	5.78657	798    	0  	46.8922	2.08667	8  	1  	1.53161 
12 	149   	2.18314	35.5   	0  	7.46511	1.92333	8  	1  	1.47788 
13 	151   	12.8755	1446   	0  	105.908	2.01667	10 	1  	1.64815 
14 	166   	2.61869	102    	0  	10.671 	2.08667	8  	1  	1.74332 
15 	169   	4.31677	550.5  	0  	32.4828	2.16333	9  	1  	1.76729 
16 	168   	2.7852 	102    	0  	9.28476	2.15   	11 	1  	1.80208 
17 	196   	3.72182	102    	0  	13.5513	2.1    	11 	1  	1.77858 
18 	170   	2.72888	102    	0  	9.63234	1.91667	8  	1  	1.60926 
19 	167   	3.63344	102    	0  	13.3493	1.80333	8  	1  	1.48031 
20 	173   	3.45251	102    	0  	13.1464	1.86333	10 	1  	1.69253 
21 	181   	6.47889	786.312	0  	47.4899	1.59667	8  	1  	1.28348 
22 	170   	3.86266	550.5  	0  	32.3755	1.55667	9  	1  	1.28327 
23 	205   	2.72172	121    	0  	13.0862	1.57   	8  	1  	1.23225 
24 	169   	2.03929	35.5   	0  	6.91219	1.70667	10 	1  	1.36649 
25 	182   	5.23738	798    	0  	47.1599	1.75333	11 	1  	1.41862 
26 	142   	9.65021	1446   	0  	92.233 	1.69667	8  	1  	1.35572 
27 	141   	7.22232	798    	0  	52.8522	1.6    	8  	1  	1.249   
28 	143   	5.76031	798    	0  	48.8804	1.62667	9  	1  	1.32688 
29 	180   	13.9745	1387   	0  	121.76 	1.57333	8  	1  	1.27722 
30 	165   	3.90325	102    	0  	14.0837	1.50667	7  	1  	1.10301 
31 	169   	2.99752	102    	0  	14.0115	1.54333	9  	1  	1.12611 
32 	176   	184.421	53703  	0  	3095.13	1.67667	9  	1  	1.27232 
33 	162   	15.196 	3763.5 	0  	217.186	1.58   	7  	1  	1.08487 
34 	159   	2.64785	102    	0  	10.3646	1.52333	8  	1  	1.05647 
35 	170   	2.94191	252.928	0  	16.9624	1.52   	6  	1  	1.03743 
36 	172   	3.63465	121    	0  	14.0559	1.65   	9  	1  	1.31181 
37 	167   	3.00343	102    	0  	11.7419	1.56   	7  	1  	1.09836 
38 	161   	7.74611	841    	0  	67.1062	1.54667	7  	1  	1.18088 
39 	188   	8.5714 	1148.5 	0  	82.2025	1.53667	7  	1  	1.12041 
40 	167   	10.4338	1936.9 	0  	112.617	1.47667	6  	1  	1.05647 
41 	167   	2.08534	101.125	0  	9.48264	1.38333	7  	1  	0.932589
42 	176   	8.16279	798    	0  	59.7676	1.53333	8  	1  	1.20646 
43 	169   	5.38363	798    	0  	47.1013	1.47   	7  	1  	1.17577 
44 	191   	24.3374	4386   	0  	265.565	1.42333	8  	1  	1.06025 
45 	158   	7.33728	798    	0  	65.5292	1.29667	6  	1  	0.884301
46 	157   	7.30445	1446   	0  	83.9636	1.24   	7  	1  	0.809774
47 	156   	5.2455 	798    	0  	48.4153	1.27667	7  	1  	1.00671 
48 	159   	4.98862	394.385	0  	27.5442	1.26   	8  	1  	0.9517  
49 	177   	4.34965	787.588	0  	45.7801	1.23333	7  	1  	0.839974
50 	178   	7.44624	798    	0  	65.3299	1.22333	7  	1  	0.816571
--------------------------------------------------------------------------------

Best individual:
Required sequence: 1, 2, 3, 4, 5, 6, 7, 8, 9, 10, 11, 12
Actual sequence:   1, 2, 3, 4, 5, 6, 7, 8, 9, 10, 11, 12


Best algorithm: neg(neg(n))

Success!