   	      	                  fitness                  	              size             
   	      	-------------------------------------------	-------------------------------
gen	nevals	avg    	max        	min    	std        	avg    	max	min	std    
0  	300   	22900.8	30939      	10936.5	1395.72    	3.71   	7  	2  	1.58721
1  	179   	22301.2	24723.1    	10936.5	1800.98    	3.82667	11 	1  	1.78231
2  	168   	21624.8	30939      	10936.5	2293.49    	4.01333	10 	1  	1.79067
3  	174   	20407.6	39944.5    	10936.5	3181.99    	4.26333	12 	1  	1.82775
4  	163   	18853.8	166748     	0      	9314.96    	4.56333	15 	1  	2.08949
5  	141   	16710.7	92803      	0      	8756.13    	4.85333	16 	1  	2.26976
6  	151   	14002  	253772     	0      	15042.3    	5.75667	18 	1  	2.59052
7  	170   	159228 	4.23112e+07	0      	2.43843e+06	7.15667	26 	1  	3.26784
8  	181   	338001 	4.25666e+07	0      	3.46253e+06	7.72   	19 	1  	3.76673
9  	166   	483933 	4.62269e+07	0      	4.34681e+06	8.06667	22 	1  	4.10718
10 	172   	660369 	4.62269e+07	0      	5.13223e+06	7.14667	20 	3  	3.70115
11 	163   	219758 	4.22732e+07	0      	2.44229e+06	6.10667	18 	1  	2.65367
12 	167   	80501.1	1.21493e+06	0      	222987     	5.81333	20 	1  	2.20117
13 	162   	74751  	988424     	0      	216083     	5.96667	20 	1  	2.37183
14 	152   	54933  	721979     	0      	180590     	5.81667	20 	1  	2.15478
15 	168   	207083 	4.22732e+07	0      	2.44137e+06	5.8    	20 	1  	2.19089
16 	176   	190525 	4.22732e+07	0      	2.43982e+06	5.69667	20 	1  	2.10349
17 	189   	635214 	4.22732e+07	0      	4.84467e+06	5.8    	24 	1  	2.29056
18 	148   	59060.1	1.3116e+06 	0      	198254     	5.69333	15 	1  	1.88837
19 	158   	189079 	4.22732e+07	0      	2.43958e+06	5.67333	13 	1  	1.68126
20 	159   	192957 	4.22732e+07	0      	2.43995e+06	5.66   	14 	1  	1.87911
21 	160   	68064.3	1.3116e+06 	0      	208215     	5.71667	15 	1  	1.80824
22 	165   	200456 	4.62269e+07	0      	2.66709e+06	5.69   	12 	1  	1.6615 
23 	152   	55349.8	1.3116e+06 	0      	191061     	5.65   	12 	1  	1.58351
24 	155   	53953.3	711451     	0      	180565     	5.59   	13 	1  	1.61511
25 	161   	60323.4	750988     	0      	186873     	5.67333	13 	1  	1.78137
26 	157   	70440.6	711451     	0      	205813     	5.52667	12 	1  	1.6338 
27 	169   	216105 	4.62269e+07	0      	2.66778e+06	5.49333	11 	1  	1.62582
28 	198   	87982.6	711451     	0      	226725     	5.52333	11 	1  	1.63385
29 	159   	198220 	4.22732e+07	0      	2.44024e+06	5.47333	11 	1  	1.54789
30 	195   	214382 	4.62269e+07	0      	2.66773e+06	5.51667	12 	1  	1.53722
31 	155   	62416.1	711451     	0      	192033     	5.40333	10 	1  	1.6209 
32 	163   	66000.1	750988     	0      	199523     	5.39   	14 	1  	1.69644
33 	148   	55897.1	711451     	0      	184668     	5.29   	11 	2  	1.40448
34 	170   	80131.3	1.68099e+06	0      	231691     	5.35667	10 	1  	1.41284
35 	185   	68171.2	711451     	0      	202449     	5.26333	13 	1  	1.55799
36 	177   	61777.8	1.33944e+06	0      	198748     	5.3    	11 	2  	1.35524
37 	157   	221702 	4.22732e+07	0      	2.45385e+06	5.23667	11 	1  	1.34189
38 	166   	59091.7	3.37665e+06	0      	258117     	5.23667	13 	1  	1.2964 
39 	163   	187074 	4.22732e+07	0      	2.43985e+06	5.16667	10 	2  	1.18275
40 	154   	60862.9	711451     	0      	192120     	5.12333	10 	1  	1.23347
41 	177   	74873.7	711451     	0      	212334     	5.21   	12 	1  	1.29842
42 	157   	46680.6	711451     	0      	168344     	5.20667	11 	1  	1.28736
43 	148   	52213.6	988424     	0      	181103     	5.17333	10 	1  	1.24229
44 	167   	231321 	4.22732e+07	0      	2.44217e+06	5.08333	10 	1  	1.2896 
45 	174   	54302.3	711451     	0      	180661     	5.13   	11 	3  	1.25954
46 	172   	70646.7	1.68099e+06	0      	216785     	5.17667	13 	1  	1.40669
47 	163   	65928.8	711451     	0      	199139     	5.10333	11 	1  	1.29846
48 	162   	65126.2	711451     	0      	199275     	5.13667	11 	1  	1.23747
49 	159   	58307.5	3.37665e+06	0      	255184     	5.03667	13 	1  	1.33741
50 	173   	68257.4	711451     	0      	202692     	5.09667	11 	1  	1.32941
--------------------------------------------------------------------------------

Best individual:
Required sequence: 0, 1, 8, 27, 64, 125, 216, 343, 512, 729, 1000, 1331, 1728
Actual sequence:   0, 1, 8, 27, 64, 125, 216, 343, 512, 729, 1000, 1331, 1728


Best algorithm: mul(mul(n, mul(n, 1)), n)

Success!