   	      	                fitness                	              size              
   	      	---------------------------------------	--------------------------------
gen	nevals	avg    	max        	min	std    	avg    	max	min	std     
0  	300   	576.671	2747.5     	0  	219.641	3.68667	7  	2  	1.48834 
1  	127   	489.555	1963.5     	0  	178.958	3.83667	11 	1  	1.65227 
2  	180   	617.655	30939      	0  	2500.83	4.18667	11 	1  	1.80328 
3  	144   	655.887	85018.4    	0  	4972.2 	4.43667	11 	1  	2.02138 
4  	168   	488.045	16597      	0  	2089.76	4.90333	11 	1  	1.99181 
5  	178   	3972.11	942804     	0  	54396.4	5.28333	12 	1  	1.98067 
6  	159   	8432.65	1.25873e+06	0  	90675.5	5.22333	13 	1  	2.15564 
7  	150   	7289.12	942804     	0  	76754  	4.99667	11 	1  	2.04206 
8  	162   	1027.17	23102.5    	0  	3898.39	4.84333	13 	1  	2.06368 
9  	166   	10126.2	2.76848e+06	0  	159576 	4.59333	12 	1  	2.07717 
10 	195   	973.305	66300.4    	0  	5453.71	4.42333	13 	1  	2.05851 
11 	150   	615.954	23102.5    	0  	3093.82	4.01   	10 	1  	1.72913 
12 	157   	4296.81	1.03521e+06	0  	59719.8	3.88667	11 	1  	1.68537 
13 	180   	3641.41	942804     	0  	54377.5	3.73667	10 	1  	1.62501 
14 	167   	409.352	23045.1    	0  	2477.86	3.62667	12 	1  	1.56011 
15 	172   	360.299	30939      	0  	2585.27	3.35333	10 	1  	1.27089 
16 	170   	397.879	16435      	0  	2305.84	3.38   	9  	1  	1.21474 
17 	173   	2631.42	750988     	0  	43289.7	3.35667	13 	1  	1.28949 
18 	181   	236.936	16435      	0  	1666.31	3.35   	8  	1  	1.03963 
19 	167   	109.917	16435      	0  	973.434	3.22   	8  	1  	0.908258
20 	163   	190.056	23102.5    	0  	1646.42	3.33667	12 	1  	1.11504 
21 	155   	172.31 	16435      	0  	1354.08	3.29   	9  	1  	1.07358 
22 	164   	326.27 	16435      	0  	2103.92	3.32   	9  	1  	1.10345 
23 	166   	129.25 	16435      	0  	978.325	3.24667	9  	1  	1.00291 
24 	179   	257.803	16435      	0  	1729.77	3.31   	9  	1  	1.07109 
25 	165   	123.322	17425.5    	0  	1038.22	3.32667	9  	1  	1.1972  
26 	158   	273.661	23102.5    	0  	1910.77	3.35   	9  	1  	1.32947 
27 	176   	203.858	16435      	0  	1436.75	3.41333	10 	1  	1.45    
28 	162   	126.808	16435      	0  	973.724	3.33333	9  	1  	1.28149 
29 	162   	137.159	16435      	0  	1126.42	3.30667	9  	1  	1.12811 
30 	149   	261.664	23102.5    	0  	2102.96	3.22   	10 	1  	1.08855 
31 	179   	3285.73	942804     	0  	54350.7	3.26667	9  	1  	1.12349 
32 	158   	174.008	16435      	0  	1350.7 	3.28667	9  	1  	1.05411 
33 	155   	137.383	16435      	0  	985.713	3.37   	9  	1  	1.27793 
34 	159   	121.332	16435      	0  	969.27 	3.19   	9  	1  	1.05541 
35 	164   	50.6329	798        	0  	164.22 	3.2    	9  	1  	0.92376 
36 	174   	3684.53	1.03521e+06	0  	59677.4	3.27333	9  	1  	1.04497 
37 	172   	154.898	16435      	0  	1342.98	3.16667	9  	1  	0.863456
38 	162   	72.8619	3661.41    	0  	297.972	3.15333	9  	1  	0.806116
39 	159   	46.2837	2338       	0  	230.1  	3.07667	9  	1  	0.608924
40 	144   	48.8855	2338       	0  	229.118	3.06667	9  	1  	0.590668
41 	159   	69.9587	2338       	0  	246.947	3.06   	8  	1  	0.670622
42 	162   	99.1649	16435      	0  	959.398	3.10667	9  	1  	0.68456 
43 	157   	450.681	118234     	0  	6815.1 	3.16   	11 	1  	0.895023
44 	157   	80.1089	16435      	0  	953.168	3.09667	9  	1  	0.64342 
45 	182   	171.138	17425.5    	0  	1394.97	3.22333	9  	1  	0.931015
46 	163   	128.459	10936.5    	0  	730.041	3.10667	8  	1  	0.788642
47 	166   	90.307 	9761.1     	0  	596.895	3.08333	9  	1  	0.680482
48 	151   	51.8881	2338       	0  	206.733	3.11333	8  	1  	0.64329 
49 	161   	62.6757	5260.5     	0  	358.084	3.11   	9  	1  	0.737948
50 	159   	662.845	141182     	0  	8234.81	3.13333	9  	1  	0.869227
--------------------------------------------------------------------------------

Best individual:
Required sequence: 0, 1, 4, 9, 16, 25, 36, 49, 64, 81, 100, 121, 144
Actual sequence:   0, 1, 4, 9, 16, 25, 36, 49, 64, 81, 100, 121, 144


Best algorithm: mul(n, n)

Success!