   	      	            fitness            	              size             
   	      	-------------------------------	-------------------------------
gen	nevals	avg    	max    	min	std    	avg    	max	min	std    
0  	300   	651.651	58089  	0  	5494.45	3.82   	7  	2  	1.6596 
1  	161   	38.2999	1046.5 	0  	117.985	3.56   	9  	1  	1.62882
2  	165   	32.5524	1096.5 	0  	120.055	4.07333	10 	1  	1.85147
3  	152   	28.3503	3907.49	0  	239.991	4.19   	10 	1  	1.85128
4  	163   	12.1533	841    	0  	58.617 	4.07667	10 	1  	1.88789
5  	167   	27.6719	1096.5 	0  	134.74 	3.84333	10 	1  	1.97791
6  	155   	13.2414	798    	0  	72.51  	3.67   	10 	1  	1.88355
7  	172   	192.221	53703  	0  	3095.93	3.63667	10 	1  	1.88095
8  	173   	29.531 	1096.5 	0  	142.432	3.50333	10 	1  	1.95363
9  	180   	16.7965	1446   	0  	114.917	3.32667	10 	1  	2.03469
10 	157   	9.23853	798    	0  	66.9667	3.08333	11 	1  	2.0824 
11 	155   	18.993 	3907.49	0  	229.789	2.84667	10 	1  	2.04853
12 	162   	8.7242 	1096.5 	0  	65.5766	2.92667	11 	1  	2.20181
13 	174   	116.939	25956.8	0  	1514.65	2.76333	11 	1  	2.18036
14 	169   	14.7762	1444.15	0  	114.394	2.87333	12 	1  	2.33323
15 	180   	10.5326	798    	0  	79.6491	2.76667	11 	1  	2.32642
16 	165   	6.98123	1096.5 	0  	65.1781	2.56667	10 	1  	2.17843
17 	154   	14.8749	798    	0  	102.108	2.51   	9  	1  	2.25756
18 	190   	3.4739 	229.5  	0  	17.2522	2.39333	14 	1  	2.32349
19 	157   	4.42321	632.17 	0  	37.8087	2.49   	14 	1  	2.41037
20 	155   	2.20246	142    	0  	10.2575	2.41667	11 	1  	2.30862
21 	165   	501.056	149851 	0  	8637.11	2.22   	10 	1  	2.09243
22 	165   	3.46675	225.871	0  	16.045 	2.37   	13 	1  	2.23751
23 	174   	2.19898	102    	0  	9.93163	2.45667	13 	1  	2.3126 
24 	152   	7.32165	798    	0  	65.4634	2.49   	13 	1  	2.39233
25 	161   	15.0334	3181.92	0  	188.922	2.38667	13 	1  	2.34176
26 	170   	10.8229	1096.5 	0  	88.3934	2.56333	16 	1  	2.54807
27 	164   	3.34539	207.242	0  	16.7315	2.57667	13 	1  	2.67035
28 	178   	4.03741	117.855	0  	14.1122	2.84   	19 	1  	2.97227
29 	178   	4.80759	798    	0  	47.2363	2.68333	19 	1  	3.06535
30 	155   	2.82347	229.5  	0  	14.9272	2.72667	19 	1  	3.03841
31 	174   	2.43231	102    	0  	10.5864	3.13667	19 	1  	3.33636
32 	173   	10.3457	1096.5 	0  	89.7141	3.18667	19 	1  	3.4037 
33 	161   	46.1819	11267.3	0  	653.665	3.46333	19 	1  	3.73836
34 	154   	6.17011	1096.5 	0  	64.4582	3.73667	20 	1  	3.90649
35 	166   	3.80231	102    	0  	13.7866	3.42333	19 	1  	3.82851
36 	165   	7.83899	1046.5 	0  	76.1029	3.68333	19 	1  	4.07796
37 	155   	5.77451	798    	0  	48.464 	3.71333	22 	1  	4.19656
38 	162   	2.85237	102    	0  	11.9802	3.67   	23 	1  	4.59359
39 	169   	188.685	55870.5	0  	3220.18	3.87   	22 	1  	4.52104
40 	148   	2.90828	121    	0  	14.5339	3.69333	23 	1  	4.4646 
41 	159   	4.56325	798    	0  	47.0735	3.52667	23 	1  	4.46348
42 	168   	6.36998	798    	0  	55.8847	3.58667	24 	1  	4.64641
43 	157   	347.954	103827 	0  	5984.36	3.63333	24 	1  	4.54521
44 	172   	6.31687	1096.5 	0  	64.0524	4.06333	41 	1  	5.39685
45 	176   	1.64322	99.725 	0  	8.18691	3.92333	41 	1  	5.1359 
46 	169   	3.36559	354    	0  	22.3623	3.88667	24 	1  	4.63399
47 	161   	8.70531	1096.5 	0  	78.6613	4      	24 	1  	4.8408 
48 	164   	370.959	54019  	0  	4383.68	4.20333	25 	1  	4.75345
49 	168   	4.42215	798    	0  	47.6047	4.17333	25 	1  	4.58802
50 	171   	19.4497	4386   	0  	256.829	4.49667	34 	1  	5.05997
--------------------------------------------------------------------------------

Best individual:
Required sequence: 1, 2, 3, 4, 5, 6, 7, 8, 9, 10, 11, 12
Actual sequence:   1.0, 2.0, 3.0, 4.0, 5.0, 6.0, 7.0, 8.0, 9.0, 10.0, 11.0, 12.0


Best algorithm: sub(protected_divide(n, 1), mul(n, 0))

Success!