   	      	                          fitness                          	              size             
   	      	-----------------------------------------------------------	-------------------------------
gen	nevals	avg        	max        	min        	std        	avg    	max	min	std    
0  	300   	4.86118e+37	4.86118e+37	4.86118e+37	9.44473e+21	3.45667	7  	2  	1.44503
1  	152   	4.86118e+37	4.86118e+37	4.86118e+37	9.44473e+21	3.73333	11 	1  	1.77075
2  	165   	4.86118e+37	4.86118e+37	4.86118e+37	9.44473e+21	3.77333	11 	1  	1.88378
3  	164   	4.86118e+37	4.86118e+37	4.86118e+37	9.44473e+21	3.87333	11 	1  	1.9606 
4  	160   	4.86118e+37	4.86118e+37	4.86118e+37	9.44473e+21	4.09   	14 	1  	2.20497
5  	150   	4.86118e+37	4.86118e+37	4.86118e+37	9.44473e+21	4.34667	16 	1  	2.48861
6  	144   	4.86118e+37	4.86118e+37	4.86118e+37	9.44473e+21	4.46667	22 	1  	2.84058
7  	187   	4.86118e+37	4.86118e+37	4.86118e+37	9.44473e+21	4.39333	14 	1  	2.75051
8  	186   	4.86118e+37	4.86118e+37	4.86118e+37	9.44473e+21	4.20333	13 	1  	2.50106
9  	171   	4.86118e+37	4.86118e+37	4.86118e+37	9.44473e+21	4.35667	16 	1  	2.80882
10 	167   	4.86118e+37	4.86118e+37	4.86118e+37	9.44473e+21	4.47333	23 	1  	2.89412
11 	169   	4.86118e+37	4.86118e+37	4.86118e+37	9.44473e+21	4.65   	23 	1  	3.33679
12 	177   	4.86118e+37	4.86118e+37	4.86118e+37	9.44473e+21	4.87333	23 	1  	3.26251
13 	162   	4.86118e+37	4.86118e+37	4.86118e+37	9.44473e+21	4.79   	18 	1  	2.98316
14 	162   	4.86118e+37	4.86118e+37	4.86118e+37	9.44473e+21	5.08667	26 	1  	3.43984
15 	158   	4.86118e+37	4.86118e+37	4.86118e+37	9.44473e+21	4.95667	18 	1  	3.30073
16 	173   	4.86118e+37	4.86118e+37	4.86118e+37	9.44473e+21	5.13   	17 	1  	3.39702
17 	165   	4.86118e+37	4.86118e+37	4.86118e+37	9.44473e+21	5.27667	17 	1  	3.31664
18 	167   	4.86118e+37	4.86118e+37	4.86118e+37	9.44473e+21	5.34333	17 	1  	3.43008
19 	144   	4.86118e+37	4.86118e+37	4.86118e+37	9.44473e+21	5.34333	18 	1  	3.4184 
20 	166   	4.86118e+37	4.86118e+37	4.86118e+37	9.44473e+21	5.21   	22 	1  	3.36441
21 	162   	4.86118e+37	4.86118e+37	4.86118e+37	9.44473e+21	5.06   	16 	1  	2.81242
22 	170   	4.86118e+37	4.86118e+37	4.86118e+37	9.44473e+21	5.15   	13 	1  	2.92817
23 	169   	4.86118e+37	4.86118e+37	4.86118e+37	9.44473e+21	5.43333	17 	1  	3.0939 
24 	176   	4.86118e+37	4.86118e+37	4.86118e+37	9.44473e+21	5.25333	19 	1  	3.31197
25 	169   	4.86118e+37	4.86118e+37	4.86118e+37	9.44473e+21	5.67   	17 	1  	3.48345
26 	176   	4.86118e+37	4.86118e+37	4.86118e+37	9.44473e+21	5.86333	19 	1  	3.77509
27 	160   	4.86118e+37	4.86118e+37	4.86118e+37	9.49184e+21	6.49667	25 	1  	4.0104 
28 	174   	4.86118e+37	4.86118e+37	4.86118e+37	9.76971e+21	6.77   	25 	1  	4.29617
29 	165   	4.86118e+37	4.86118e+37	4.86118e+37	1.27998e+22	7.82   	26 	1  	4.73296
30 	154   	4.86118e+37	4.86118e+37	4.86118e+37	2.6507e+22 	9.63333	28 	1  	5.07598
31 	163   	4.86118e+37	4.86118e+37	4.86118e+37	3.16692e+22	10.8533	25 	1  	5.52073
32 	172   	4.86118e+37	4.86118e+37	4.86118e+37	3.48987e+22	12.14  	31 	1  	5.30098
33 	164   	4.86118e+37	4.86118e+37	4.86118e+37	9.82668e+23	14.0867	39 	1  	5.58801
34 	156   	4.86118e+37	4.86118e+37	4.86118e+37	6.15569e+24	15.6967	37 	1  	5.5885 
35 	159   	4.86118e+37	4.86118e+37	4.86118e+37	6.1512e+24 	17.0933	34 	3  	5.51102
36 	175   	4.86118e+37	4.86118e+37	4.86118e+37	5.15941e+25	18.1233	37 	3  	5.98566
37 	166   	4.86118e+37	4.86118e+37	4.86118e+37	3.52703e+24	18.9033	34 	3  	5.4858 
38 	151   	4.86118e+37	4.86118e+37	4.86118e+37	7.19227e+24	19.8467	44 	2  	5.52478
39 	160   	4.86118e+37	4.86118e+37	4.86118e+37	1.38417e+25	20.48  	47 	3  	5.6329 
40 	158   	4.86118e+37	4.86118e+37	4.86118e+37	8.8236e+27 	20.74  	39 	3  	5.287  
41 	158   	4.86118e+37	4.86118e+37	4.86118e+37	1.08947e+27	21.65  	37 	1  	4.96328
42 	182   	4.86118e+37	4.86118e+37	4.86118e+37	7.36944e+26	21.97  	37 	1  	4.97485
43 	156   	4.86118e+37	4.86118e+37	4.86118e+37	9.65124e+27	23.0167	44 	3  	5.29934
44 	178   	4.86118e+37	4.86118e+37	4.86118e+37	9.1855e+29 	23.84  	41 	1  	5.5846 
45 	167   	4.86118e+37	4.86118e+37	4.86118e+37	1.7165e+27 	24.6933	50 	1  	5.52503
46 	171   	4.86118e+37	4.86123e+37	4.86118e+37	3.30585e+31	24.7867	43 	1  	5.75336
47 	173   	4.86118e+37	4.86118e+37	4.86118e+37	2.17624e+29	25.8633	49 	1  	5.98927
48 	163   	4.86118e+37	4.86118e+37	4.86118e+37	5.18707e+28	26.9767	45 	1  	6.43035
49 	162   	4.86118e+37	4.86123e+37	4.86118e+37	3.30693e+31	28.23  	54 	4  	6.87486
50 	192   	4.86118e+37	4.86119e+37	4.86118e+37	1.00678e+31	29.0867	57 	11 	8.04275
--------------------------------------------------------------------------------

Best individual:
Required sequence: 3, 5, 17, 257, 65537, 4294967297, 18446744073709551617
Actual sequence:   0.0, 1.1237207085942953, 387.4459078948289, 4407.094237218218, 13175.494250733454, 8462610.612375213, 63172227951.235695


Best algorithm: mul(mul(mul(mul(n, n), n), protected_divide(mul(mul(n, n), n), sub(neg(sin(mul(mul(mul(n, n), protected_divide(mul(n, n), sub(neg(sin(mul(n, n))), 1))), n))), 1))), protected_divide(n, sub(neg(sin(mul(n, n))), 1)))

Failed!