   	      	                  fitness                  	              size             
   	      	-------------------------------------------	-------------------------------
gen	nevals	avg    	max        	min    	std        	avg    	max	min	std    
0  	300   	23159.8	92410      	16275  	4257.45    	3.7    	7  	2  	1.66433
1  	172   	22364.8	30939      	10936.5	1728.39    	3.79667	10 	1  	1.72298
2  	160   	21791.8	92410      	10936.5	4609.76    	4.13667	13 	1  	2.00116
3  	156   	20513.3	78490.5    	0      	4774       	4.79   	15 	1  	2.29621
4  	169   	25007.2	1.3116e+06 	0      	76318.6    	5.44667	12 	1  	2.30373
5  	160   	25401.2	1.68099e+06	0      	104667     	5.72   	14 	1  	2.46744
6  	172   	243372 	6.06821e+07	0      	3.50296e+06	6.4    	15 	1  	2.69938
7  	167   	25262.4	711451     	0      	98417.7    	6.89667	16 	1  	2.87506
8  	157   	59340.1	3.37879e+06	0      	258941     	6.77   	18 	1  	3.01945
9  	153   	229762 	5.61283e+07	0      	3.23667e+06	5.94333	18 	1  	2.52721
10 	173   	64461  	1.3116e+06 	0      	205184     	5.36667	16 	1  	1.76226
11 	167   	48503.8	711451     	0      	172617     	5.07667	13 	1  	1.25862
12 	177   	69769.9	711451     	0      	204143     	5.18   	11 	1  	1.29393
13 	146   	55346  	711451     	0      	184710     	5.09667	11 	1  	1.29125
14 	164   	65802.6	711451     	0      	199379     	5.08333	11 	1  	1.20957
15 	182   	213977 	4.62269e+07	0      	2.66793e+06	5.09   	11 	1  	1.22552
16 	164   	71016.8	711451     	0      	205837     	5.13333	13 	1  	1.30979
17 	176   	65584.7	711451     	0      	199216     	5.1    	10 	1  	1.19861
18 	168   	53979.7	711451     	0      	180632     	5.08667	11 	1  	1.17437
19 	132   	55496  	1.3116e+06 	0      	191823     	5.05667	11 	1  	1.16338
20 	144   	55731.7	711451     	0      	184742     	5.02667	11 	2  	1.03245
21 	178   	70779.2	711451     	0      	205950     	5.07667	13 	1  	1.36533
22 	161   	70919.6	711451     	0      	205868     	5.13333	11 	1  	1.39841
23 	180   	83388.4	711451     	0      	221093     	5.02333	11 	1  	1.35257
24 	161   	64871  	988424     	0      	202977     	5.09333	11 	1  	1.25351
25 	153   	77526.1	1.3116e+06 	0      	220874     	5.12   	11 	1  	1.32876
26 	148   	56843.2	711451     	0      	184534     	5.11333	12 	3  	1.20851
27 	172   	89265.2	1.3116e+06 	0      	234691     	5.11   	11 	1  	1.46443
28 	153   	52236  	1.22735e+06	0      	185558     	5.03   	12 	1  	1.22302
29 	179   	57730.5	711451     	0      	188565     	5.09667	11 	1  	1.1492 
30 	177   	66448.6	988424     	0      	202861     	5.13   	11 	1  	1.31394
31 	164   	204291 	4.22732e+07	0      	2.44076e+06	5.01667	10 	1  	1.15602
32 	155   	54525.8	711451     	0      	180461     	5.10333	13 	1  	1.32639
33 	175   	74810.7	711451     	0      	212342     	4.94333	9  	1  	1.20559
34 	157   	53746  	711451     	0      	180762     	5.09667	11 	1  	1.20305
35 	169   	69616.9	711451     	0      	206110     	5.15667	13 	2  	1.24584
36 	165   	61853.3	711451     	0      	191969     	5.16667	12 	1  	1.30085
37 	170   	208026 	4.22732e+07	0      	2.44161e+06	5.15   	13 	1  	1.30671
38 	165   	70949.3	711451     	0      	205855     	5.25333	11 	1  	1.37447
39 	168   	279268 	5.61283e+07	0      	3.24725e+06	5.18667	13 	2  	1.43474
40 	196   	242224 	4.22732e+07	0      	2.44281e+06	5.21333	12 	1  	1.53226
41 	170   	83438.5	988424     	0      	224522     	5.14667	11 	3  	1.32608
42 	186   	86285.7	1.50544e+06	0      	234327     	5.17667	13 	1  	1.45789
43 	152   	62208.8	3.37665e+06	0      	259424     	5.24667	16 	1  	1.59138
44 	154   	50183.7	988424     	0      	181034     	5.19   	13 	1  	1.22225
45 	148   	64893.1	711451     	0      	199312     	5.08667	10 	1  	1.11616
46 	157   	198118 	4.62269e+07	0      	2.66695e+06	5.13333	11 	3  	1.14698
47 	157   	55522.6	711451     	0      	184672     	5.09   	11 	1  	1.15263
48 	180   	72422.3	711451     	0      	209214     	5.11333	10 	1  	1.15202
49 	181   	84499.1	711451     	0      	224331     	5.09333	10 	1  	1.21571
50 	171   	75064  	1.2733e+06 	0      	217407     	5.08333	12 	1  	1.43401
--------------------------------------------------------------------------------

Best individual:
Required sequence: 0, 1, 8, 27, 64, 125, 216, 343, 512, 729, 1000, 1331, 1728
Actual sequence:   0, 1, 8, 27, 64, 125, 216, 343, 512, 729, 1000, 1331, 1728


Best algorithm: mul(n, mul(n, n))

Success!