   	      	                fitness                	              size              
   	      	---------------------------------------	--------------------------------
gen	nevals	avg    	max        	min	std    	avg    	max	min	std     
0  	300   	70.665 	1446       	0  	202.416	3.59   	7  	2  	1.48612 
1  	170   	199.522	53703      	0  	3094.27	3.49   	9  	1  	1.51324 
2  	173   	34.5383	1446       	0  	148.515	3.86   	11 	1  	1.86558 
3  	172   	175.998	41523      	0  	2396.39	4.03   	12 	1  	1.98723 
4  	168   	10455  	3.07128e+06	0  	177039 	3.91333	12 	1  	2.11009 
5  	161   	190.698	53703      	0  	3095.23	3.74   	12 	1  	2.20282 
6  	153   	19.5636	1507       	0  	125.438	3.54333	17 	1  	2.45115 
7  	174   	21.3069	1446       	0  	123.499	3.39   	16 	1  	2.37162 
8  	152   	26.5334	3181.92    	0  	208.447	3.16   	19 	1  	2.63079 
9  	182   	18.1477	1446       	0  	115.325	3.09333	16 	1  	2.464   
10 	175   	11.2295	1096.5     	0  	84.1269	2.73667	12 	1  	2.36939 
11 	156   	11.4271	810.822    	0  	74.5002	2.37333	12 	1  	2.00016 
12 	173   	169.043	48556.1    	0  	2798.54	2.59667	15 	1  	2.39875 
13 	166   	18.7483	1446       	0  	125.36 	2.7    	15 	1  	2.49065 
14 	164   	28.8863	3763.5     	0  	239.104	2.63   	12 	1  	2.4055  
15 	179   	5.52996	798        	0  	47.1207	2.38333	10 	1  	2.2218  
16 	191   	3.47662	102        	0  	12.4709	2.3    	10 	1  	2.07284 
17 	187   	15.9992	2671.5     	0  	161.539	2.24333	9  	1  	2.07785 
18 	145   	11.5214	1069.24    	0  	90.9444	2.04333	10 	1  	1.87655 
19 	171   	7.5054 	798        	0  	63.5282	2.01667	11 	1  	1.85734 
20 	165   	3.20551	102        	0  	13.9667	2.02333	9  	1  	1.86086 
21 	166   	20.6346	1446       	0  	125.948	2.21667	10 	1  	2.0256  
22 	168   	4.91456	798        	0  	46.8049	2.02667	9  	1  	1.86707 
23 	193   	1.39294	47.5       	0  	5.99368	1.91333	9  	1  	1.8509  
24 	179   	9.78463	1846.5     	0  	107.635	1.71   	13 	1  	1.65909 
25 	172   	2.08697	102        	0  	8.59751	1.59   	7  	1  	1.35962 
26 	172   	3.94664	550.5      	0  	32.9196	1.47   	10 	1  	1.27636 
27 	177   	3.17982	121        	0  	14.0122	1.36   	8  	1  	1.05059 
28 	167   	4.47934	798        	0  	46.9282	1.33667	7  	1  	1.02143 
29 	167   	8.47425	1431.26    	0  	84.3052	1.37667	7  	1  	1.03027 
30 	177   	1.86585	102        	0  	8.42595	1.31   	9  	1  	0.927667
31 	165   	5.35253	798        	0  	46.8291	1.35333	7  	1  	1.0207  
32 	160   	2.43217	121        	0  	10.4483	1.28   	7  	1  	0.845537
33 	172   	3.68016	102        	0  	12.429 	1.35   	7  	1  	0.949122
34 	165   	238.27 	69919.5    	0  	4030.05	1.35667	7  	1  	1.07213 
35 	160   	5.39475	798        	0  	47.1377	1.34667	7  	1  	0.930854
36 	174   	1.91813	102        	0  	9.05191	1.32667	8  	1  	1.00331 
37 	157   	7.10725	841        	0  	67.2964	1.19667	7  	1  	0.794558
38 	169   	2.9506 	102        	0  	12.722 	1.32333	7  	1  	1.07337 
39 	173   	17.8672	1446       	0  	134.432	1.44   	8  	1  	1.27791 
40 	170   	6.79957	1096.5     	0  	64.8998	1.32667	7  	1  	1.11652 
41 	175   	2.06001	102        	0  	9.51778	1.34333	7  	1  	1.13964 
42 	170   	4.74415	798        	0  	47.3365	1.27667	7  	1  	1.01986 
43 	145   	5.10122	798        	0  	47.4144	1.32333	7  	1  	1.14548 
44 	154   	7.45426	809.278    	0  	66.1994	1.33333	7  	1  	1.16428 
45 	162   	4.01796	632.17     	0  	37.5052	1.50667	7  	1  	1.40592 
46 	154   	7.94236	798        	0  	65.5881	1.45333	7  	1  	1.25213 
47 	161   	7.35006	798        	0  	53.9637	1.63333	7  	1  	1.55099 
48 	151   	3.42961	161.518    	0  	14.8236	1.64667	7  	1  	1.58592 
49 	178   	15.7902	1446       	0  	123.103	1.66   	7  	1  	1.67662 
50 	159   	4.72088	297.639    	0  	25.1467	1.68333	10 	1  	1.76533 
--------------------------------------------------------------------------------

Best individual:
Required sequence: 1, 2, 3, 4, 5, 6, 7, 8, 9, 10, 11, 12
Actual sequence:   1, 2, 3, 4, 5, 6, 7, 8, 9, 10, 11, 12


Best algorithm: neg(mul(n, -1))

Success!