   	      	                fitness                	              size             
   	      	---------------------------------------	-------------------------------
gen	nevals	avg    	max        	min    	std    	avg    	max	min	std    
0  	300   	3637.64	7586.29    	1047.86	659.254	3.59333	7  	2  	1.47013
1  	158   	3288.97	4402.14    	119.857	767.348	3.63   	9  	1  	1.54481
2  	167   	2968.63	7586.29    	78.8571	1064.67	4.12333	11 	1  	1.81332
3  	160   	2576.55	50046.9    	78.8571	3032.22	4.27667	11 	1  	2.03473
4  	131   	1845.66	16265      	78.8571	1553.57	4.62   	13 	2  	2.34853
5  	172   	1922.97	69617.1    	68.5714	5833.24	5.30667	13 	1  	2.77956
6  	155   	3828.98	145965     	68.5714	16085.3	6.80333	17 	1  	2.99633
7  	156   	4357.01	351538     	68.5714	29786  	7.88667	19 	1  	2.93266
8  	146   	6177.34	430394     	68.5714	41566.2	9.06333	18 	1  	2.96524
9  	133   	7481.47	430394     	68.5714	46325.9	10.0033	20 	3  	2.87692
10 	172   	6571.36	429497     	60.5782	43603  	10.87  	22 	1  	3.37833
11 	186   	9221.06	429896     	49.4268	55222.4	11.1033	22 	1  	2.91879
12 	166   	3523.94	425040     	49.4268	26663.3	11.0067	20 	1  	2.66457
13 	173   	16738.5	842509     	49.4268	77086.4	10.8133	21 	1  	3.33144
14 	171   	5181.18	425040     	49.4268	34199.8	11.01  	19 	2  	2.88731
15 	158   	7973.4 	425040     	49.4268	47339.1	11.4867	22 	1  	3.57069
16 	162   	3630.77	395662     	15.8927	25505.7	12.3   	27 	1  	3.82405
17 	143   	7221.05	447289     	15.8927	48183.6	13.49  	27 	3  	3.67739
18 	163   	2770.81	351538     	15.8927	22346.4	14.5667	29 	1  	3.95207
19 	166   	8396.23	429852     	15.8927	52285.9	15.4633	30 	1  	3.955  
20 	152   	7328.62	486733     	15.8927	49637.8	15.9733	30 	1  	3.9807 
21 	166   	7166.09	429852     	15.8927	46369.2	16.22  	35 	1  	4.14869
22 	179   	3327.67	529140     	12.907 	32062  	17.08  	44 	1  	5.15819
23 	156   	7716.43	451161     	12.907 	51297.6	18.1567	42 	1  	5.55687
24 	164   	10364.5	449236     	11.3559	59860.2	19.0533	32 	3  	5.12027
25 	161   	4380.72	442508     	11.3559	35503.9	20.8367	38 	8  	5.19711
26 	166   	1854.99	172530     	11.3559	12731.7	21.7633	46 	7  	5.65161
27 	175   	2580.53	449841     	10.8983	27134.9	21.3933	39 	1  	5.68025
28 	128   	3577.3 	442508     	10.9289	29318.4	21.7967	38 	5  	5.02215
29 	170   	1139.11	110822     	10.9289	8421.11	22.35  	39 	1  	5.15501
30 	166   	6420.49	447883     	10.8983	51045.7	22.83  	37 	3  	4.80636
31 	152   	1500.03	140348     	10.085 	11505.1	23.1933	44 	3  	5.4494 
32 	181   	2454.94	443089     	9.98698	26760.1	23.82  	43 	3  	5.62147
33 	172   	20334.8	4.93412e+06	9.98698	286529 	24.62  	48 	1  	6.22004
34 	159   	6849.07	513056     	9.98698	50614.2	25.41  	47 	2  	6.69591
35 	192   	4362.42	581020     	9.98698	43486.7	26.4033	48 	7  	7.01337
36 	160   	1124.41	216645     	9.76485	12672.6	27.74  	46 	10 	6.46934
37 	164   	2537.78	448495     	9.76485	27355.8	28.3233	52 	3  	6.18699
38 	174   	1309.7 	133938     	9.55579	10182.1	28.6933	55 	12 	6.51966
39 	180   	1176.24	109320     	9.51006	8287.93	28.72  	56 	5  	6.92784
40 	179   	4827.3 	530601     	9.51006	44153.1	29.19  	58 	13 	6.79367
41 	189   	970.656	101983     	9.51006	8208.48	30.0867	51 	12 	6.18809
42 	175   	3065.79	447570     	9.51006	28115.6	30.2833	66 	3  	7.37087
43 	159   	4437.53	523199     	9.51006	40848.9	30.18  	54 	2  	7.79835
44 	161   	711.499	111415     	9.32041	6460.14	30.9067	58 	2  	7.61476
45 	152   	284.092	4302.86    	7.6197 	740.286	31.9033	65 	2  	6.97811
46 	173   	2499.13	478593     	7.6197 	28605.1	32.9933	54 	10 	7.69112
47 	170   	2252.89	109333     	8.48396	13652.9	33.49  	71 	6  	7.83772
48 	164   	247.807	12138      	8.48396	1001.27	34.3233	71 	3  	8.79766
49 	153   	946.895	99431.2    	8.48396	8126.37	34.8567	67 	10 	8.12749
50 	183   	1057.93	111224     	7.98464	8743.8 	36.7733	78 	6  	9.50659
--------------------------------------------------------------------------------

Best individual:
Required sequence: 2, 8, 20, 28, 50, 82, 126
Actual sequence:   6.429405563332327, 4.882229960539758, 19.96041692170242, 26.529445467985273, 45.94106638293127, 82.85478861773908, 128.15130210115888


Best algorithm: add(add(protected_divide(sin(n), protected_divide(1, add(add(protected_divide(sin(n), cos(protected_divide(sin(n), protected_divide(1, add(add(protected_divide(sin(n), cos(n)), n), n))))), n), n))), add(cos(n), protected_divide(n, 1))), mul(add(add(add(sin(n), cos(1)), add(cos(n), n)), n), n))

Failed!