   	      	            fitness            	              size             
   	      	-------------------------------	-------------------------------
gen	nevals	avg    	max    	min	std    	avg    	max	min	std    
0  	300   	817.816	219122 	0  	12627  	3.94667	7  	2  	1.65444
1  	141   	32.8573	1446   	0  	133.358	3.72333	12 	1  	1.64726
2  	166   	27.995 	1096.5 	0  	106.521	3.71   	10 	1  	1.47622
3  	146   	28.014 	1446   	0  	123.145	3.92333	15 	1  	1.82139
4  	157   	228.445	53703  	0  	3107.88	3.94667	11 	1  	1.81397
5  	169   	42.319 	3763.5 	0  	256.244	3.86333	10 	1  	1.66873
6  	154   	30.2637	1446   	0  	154.852	3.96333	13 	1  	1.79313
7  	154   	33.167 	1446   	0  	169.143	3.72667	10 	1  	1.74889
8  	165   	34.4499	1446   	0  	175.059	3.75   	11 	1  	1.80947
9  	168   	33.1546	1446   	0  	166.09 	3.76667	11 	1  	1.98298
10 	182   	28.3436	1446   	0  	139.318	3.55667	9  	1  	1.79818
11 	171   	12.9495	798    	0  	73.2156	3.43   	10 	1  	1.81064
12 	160   	121.433	26617.5	0  	1553.52	3.32667	10 	1  	1.85111
13 	168   	20.0369	1446   	0  	134.171	3.51   	13 	1  	2.21432
14 	168   	11.045 	1446   	0  	95.2426	3.40333	12 	1  	2.33823
15 	157   	18.6616	1446   	0  	130.184	3.06667	12 	1  	2.27498
16 	187   	14.8534	1446   	0  	105.735	3.05667	11 	1  	2.26424
17 	168   	32.5173	5059.5 	0  	312.865	2.84333	11 	1  	2.30625
18 	163   	744.28 	219122 	0  	12629.4	2.73   	12 	1  	2.46382
19 	156   	2.17401	47.5   	0  	7.46411	2.57667	10 	1  	2.22653
20 	167   	7.48796	1446   	0  	83.7305	2.48333	10 	1  	2.18854
21 	194   	12.7259	798    	0  	85.1971	2.55   	10 	1  	2.02505
22 	168   	6.75083	798    	0  	48.4525	2.4    	10 	1  	1.90788
23 	148   	2.9073 	121    	0  	12.6113	2.34333	11 	1  	1.8705 
24 	164   	2.81968	102    	0  	9.48726	2.26667	9  	1  	1.72884
25 	176   	4.53385	121    	0  	16.7874	2.18667	10 	1  	1.72003
26 	174   	11.7686	798    	0  	80.0318	2.29667	11 	1  	1.8767 
27 	161   	4.12078	421.339	0  	28.3114	1.96333	8  	1  	1.6172 
28 	140   	1.8517 	35.5   	0  	6.60585	1.69667	7  	1  	1.34833
29 	176   	2.48567	102    	0  	12.228 	1.74   	8  	1  	1.48068
30 	169   	4.16944	798    	0  	46.3156	1.67667	7  	1  	1.3387 
31 	180   	3.37622	121    	0  	12.8576	1.87   	10 	1  	1.62679
32 	164   	5.81056	798    	0  	47.2953	1.83667	10 	1  	1.56311
33 	166   	5.97591	798    	0  	49.4606	1.83   	10 	1  	1.51033
34 	172   	5.17764	810.822	0  	47.2008	1.94   	10 	1  	1.60719
35 	154   	3.23233	102    	0  	11.7568	1.87667	10 	1  	1.67575
36 	171   	180.86 	53703  	0  	3095.27	1.78667	10 	1  	1.62926
37 	175   	3.50528	121    	0  	13.9344	1.83667	14 	1  	1.66232
38 	169   	5.90235	798    	0  	47.5882	1.78667	14 	1  	1.75722
39 	158   	2.05676	102    	0  	9.98134	1.84   	14 	1  	1.91513
40 	155   	8.82452	1096.5 	0  	78.7229	1.89   	15 	1  	2.06508
41 	184   	3.38181	121    	0  	13.0469	1.90667	14 	1  	1.93682
42 	170   	6.26112	805.191	0  	49.2165	2.12333	14 	1  	2.32554
43 	144   	11.7502	1096.5 	0  	91.4684	2.15333	14 	1  	2.4745 
44 	167   	4.16219	361.037	0  	22.7637	2.33667	18 	1  	2.81484
45 	167   	8.92104	798    	0  	67.3277	2.45667	18 	1  	3.1456 
46 	173   	9.19723	798    	0  	67.2147	2.40333	14 	1  	2.78699
47 	153   	5.03984	798    	0  	47.4723	2.49   	14 	1  	2.80296
48 	156   	8.56011	798    	0  	65.6323	2.51333	16 	1  	2.79818
49 	158   	22.397 	5059.5 	0  	295.128	2.44   	17 	1  	2.67203
50 	187   	7.91291	1096.5 	0  	64.9978	2.6    	18 	1  	2.77729
--------------------------------------------------------------------------------

Best individual:
Required sequence: 1, 2, 3, 4, 5, 6, 7, 8, 9, 10, 11, 12
Actual sequence:   1.0, 2.0, 3.0, 4.0, 5.0, 6.0, 7.0, 8.0, 9.0, 10.0, 11.0, 12.0


Best algorithm: add(sin(0), mul(1, n))

Success!