   	      	                    fitness                    	              size             
   	      	-----------------------------------------------	-------------------------------
gen	nevals	avg    	max        	min     	std    	avg    	max	min	std    
0  	300   	10369.1	3.04275e+06	10.125  	175367 	3.51667	7  	2  	1.43169
1  	173   	170.354	602.875    	16.375  	89.1038	3.56333	10 	1  	1.56397
2  	180   	128.145	602.875    	2.875   	90.1706	3.87   	11 	1  	1.87077
3  	183   	259.009	52046.9    	2.875   	2996.09	4.01   	11 	1  	1.852  
4  	168   	67.5477	5617.38    	2.375   	329.047	3.98667	10 	1  	1.81654
5  	181   	48.4902	1363.88    	1.625   	123.555	4.2    	14 	1  	2.07686
6  	170   	30.2963	602.875    	1.625   	57.9977	4.84   	14 	1  	2.58864
7  	162   	52.1888	3900.38    	1.625   	321.911	5.53333	14 	3  	2.53421
8  	188   	39.316 	3317.38    	1.6105  	218.552	5.91   	16 	1  	2.47963
9  	193   	34.0314	2511.48    	1.6105  	168.618	6.03333	16 	1  	2.40393
10 	174   	27.2818	861.875    	1.6105  	91.7035	6.02333	19 	1  	2.42545
11 	140   	15.7033	796.859    	1.625   	63.217 	6.75333	17 	3  	2.54411
12 	165   	18.9341	602.875    	1.53653 	50.0298	7.19333	17 	1  	2.67382
13 	167   	24.6804	861.875    	1.53653 	68.1393	7.52667	19 	1  	2.97925
14 	156   	19.1129	819.125    	1.2628  	58.2049	7.60333	22 	1  	2.9921 
15 	163   	23.1616	364.375    	1.53653 	49.0157	7.49   	20 	1  	2.76825
16 	159   	31.8873	2192.88    	1.53653 	162.528	7.83   	17 	1  	2.77388
17 	162   	166.119	39813.6    	1.2628  	2297.13	8.50333	22 	1  	3.9745 
18 	167   	24.6837	789.882    	1.2628  	57.2658	9.42   	26 	1  	4.60691
19 	144   	19.887 	927.867    	1.2628  	62.3472	9.97667	31 	1  	4.82246
20 	162   	22.036 	838.529    	1.03239 	64.2098	11.43  	33 	3  	5.56103
21 	157   	15.7762	223.625    	1.03229 	30.7746	12.8533	36 	3  	6.18157
22 	157   	12.2755	197.375    	1.03229 	27.6615	13.2933	45 	3  	5.73184
23 	161   	30.3792	5219.38    	1.03229 	301.491	13.46  	34 	3  	5.81565
24 	171   	25.3882	1583.38    	0.801292	109.586	13.4167	31 	1  	5.56265
25 	172   	22.8095	968.488    	0.801292	69.9275	13     	41 	1  	5.61486
26 	171   	15.6129	364.375    	0.801292	40.7899	13.0533	38 	2  	5.22977
27 	173   	100.005	26506.8    	0.709557	1527.5 	13.0633	36 	3  	4.76368
28 	161   	13.6759	831.018    	0.709557	63.0894	13.7767	30 	3  	4.69185
29 	183   	10.9118	830.576    	0.478757	50.3361	14.6933	28 	3  	4.65109
30 	157   	9.97994	1025.88    	0.478757	61.6095	16.3467	40 	1  	5.23512
31 	167   	9.04878	833.681    	0.39678 	53.5912	17.76  	36 	3  	5.83858
32 	154   	5.74175	223.625    	0.348803	20.6461	19.7567	42 	1  	6.20893
33 	149   	4.22584	96.0652    	0.348803	11.761 	20.4167	49 	3  	6.91349
34 	190   	10.1694	827.649    	0.348803	52.3005	21.89  	55 	1  	8.50046
35 	180   	9.80262	364.375    	0.348803	35.6968	23.4567	58 	1  	9.46686
36 	156   	185.184	52046.9    	0.322157	3000.36	25.4967	60 	1  	9.91447
37 	149   	7.47067	219.33     	0.322157	22.9346	27.7967	71 	1  	11.3834
38 	161   	4.11513	97.4042    	0.204944	12.3697	32.8333	71 	3  	10.8197
39 	150   	5.54646	602.875    	0.204944	37.758 	35.5733	74 	3  	11.7798
40 	151   	6.95083	386.763    	0.204944	30.5101	37.7033	72 	3  	10.6609
41 	157   	11.0293	2192.88    	0.204944	127.373	38.22  	82 	3  	10.4028
42 	161   	5.83697	223.942    	0.204944	21.1319	37.9833	71 	1  	11.4066
43 	182   	5.02081	219.058    	0.204944	21.5453	39.0767	70 	4  	10.5241
44 	179   	7.55074	540.125    	0.12947 	37.3464	38.41  	71 	1  	11.2881
45 	189   	8.30994	554.16     	0.204944	38.5911	37.35  	76 	1  	11.0647
46 	173   	2.72451	95.757     	0.186401	10.4906	38     	66 	5  	9.76456
47 	171   	7.72486	329.985    	0.186401	28.2338	36.71  	70 	1  	9.84408
48 	150   	13.3198	2782.12    	0.186401	160.832	35.6933	69 	9  	8.1051 
49 	133   	5.46223	184.315    	0.186401	18.0752	35.6967	73 	6  	7.82164
50 	173   	5.22842	218.419    	0.150553	19.7258	35.0633	73 	2  	7.96572
--------------------------------------------------------------------------------

Best individual:
Required sequence: 4, 6, 9, 10, 14, 15, 21, 22, 25, 26, 33, 34
Actual sequence:   4, 6, 9, 10, 14, 15, 21, 23, 27, 28, 31, 34


Best algorithm: add(add(sub(add(add(n, sin(add(n, sin(add(sub(add(n, sin(n)), 1), sin(add(sin(n), mul(add(protected_divide(neg(n), protected_divide(-1, n)), n), neg(n))))))))), sin(add(add(sub(add(n, n), 1), n), sin(n)))), protected_divide(add(n, -1), n)), n), n)

Failed!