   	      	            fitness            	              size              
   	      	-------------------------------	--------------------------------
gen	nevals	avg    	max    	min	std    	avg    	max	min	std     
0  	300   	64.5033	1387   	0  	168.73 	3.62333	7  	2  	1.59837 
1  	173   	38.1883	3763.5 	0  	225.537	3.69667	9  	1  	1.76389 
2  	172   	22.8855	798    	0  	91.1985	3.87333	11 	1  	1.77312 
3  	160   	32.2145	841    	0  	137.432	3.87667	11 	1  	1.76488 
4  	162   	22.3611	798    	0  	111.724	3.67333	9  	1  	1.7378  
5  	156   	19.9651	1446   	0  	133.961	3.45333	11 	1  	1.87292 
6  	161   	12.3037	798    	0  	66.6238	3.38333	13 	1  	1.98907 
7  	160   	32.1633	1446   	0  	153.201	3.16   	10 	1  	1.81137 
8  	167   	13.8882	1446   	0  	105.712	3.08   	12 	1  	1.98333 
9  	160   	13.96  	1446   	0  	105.78 	2.86333	11 	1  	1.98107 
10 	169   	200.132	58089  	0  	3348.14	2.75667	11 	1  	1.93497 
11 	169   	139.655	39679.5	0  	2287.22	2.47333	13 	1  	1.90682 
12 	147   	12.8237	1096.5 	0  	91.9202	2.27333	9  	1  	1.72973 
13 	195   	11.8354	798    	0  	79.9466	2.13   	13 	1  	1.70091 
14 	163   	4.75364	203.5  	0  	19.1755	2.12667	9  	1  	1.57182 
15 	143   	16.3636	1431.26	0  	122.153	2.01333	11 	1  	1.62064 
16 	173   	11.3727	798    	0  	80.5058	1.94667	8  	1  	1.45046 
17 	162   	1.88802	99.725 	0  	8.28443	1.75333	9  	1  	1.24599 
18 	178   	5.10675	798    	0  	46.5616	1.66667	7  	1  	1.18134 
19 	147   	7.13632	798    	0  	65.2784	1.63333	7  	1  	1.22429 
20 	168   	6.6975 	798    	0  	47.8735	1.71   	11 	1  	1.29842 
21 	161   	6.92066	798    	0  	65.1086	1.68   	9  	1  	1.29006 
22 	169   	12.8567	798    	0  	91.7221	1.53   	8  	1  	1.0874  
23 	163   	7.55969	798    	0  	65.6076	1.51333	9  	1  	1.16754 
24 	160   	1.98829	102    	0  	8.51803	1.41333	9  	1  	1.05948 
25 	169   	1.82251	35.5   	0  	6.98186	1.47667	9  	1  	1.1872  
26 	147   	6.78146	1446   	0  	83.6125	1.48   	7  	1  	1.05021 
27 	146   	288.362	58089  	0  	3678.12	1.61333	8  	1  	1.22086 
28 	188   	12.9906	809.278	0  	92.2585	1.47667	6  	1  	0.987989
29 	167   	12.1542	1846.5 	0  	113.205	1.50333	9  	1  	1.11803 
30 	150   	5.52486	798    	0  	47.2854	1.46333	7  	1  	1.05924 
31 	164   	2.43108	121    	0  	10.0367	1.38   	7  	1  	0.906789
32 	162   	5.08827	798    	0  	46.7987	1.41   	7  	1  	1.05288 
33 	154   	1.8921 	102    	0  	11.2911	1.33667	7  	1  	1.01159 
34 	178   	7.95295	798    	0  	65.9917	1.34667	7  	1  	0.934428
35 	168   	4.77849	798    	0  	46.96  	1.41333	7  	1  	1.09048 
36 	159   	6.69234	798    	0  	51.5366	1.39   	7  	1  	1.07606 
37 	175   	7.2656 	798    	0  	65.0044	1.35667	7  	1  	1.0179  
38 	165   	4.76032	798    	0  	47.3886	1.33667	7  	1  	0.892556
39 	157   	6.73226	798    	0  	59.2777	1.39667	8  	1  	1.06426 
40 	150   	6.68264	798    	0  	65.0807	1.36   	6  	1  	0.881514
41 	183   	16.9743	1846.5 	0  	142.703	1.53   	9  	1  	1.22029 
42 	174   	2.94698	121    	0  	13.258 	1.43   	7  	1  	1.06071 
43 	158   	9.44637	1446   	0  	95.4661	1.29333	7  	1  	0.916855
44 	181   	4.90381	798    	0  	47.1091	1.29333	9  	1  	0.883528
45 	153   	3.25588	102    	0  	13.6308	1.36   	6  	1  	0.911263
46 	166   	3.73057	112.017	0  	14.7975	1.37667	7  	1  	1.02703 
47 	175   	2.19508	142    	0  	10.5604	1.31   	7  	1  	0.891011
48 	172   	2.40484	121    	0  	10.9637	1.33333	7  	1  	1.02089 
49 	151   	6.5299 	550.5  	0  	42.1519	1.41333	9  	1  	1.20933 
50 	170   	3.78381	419.01 	0  	28.1095	1.25333	7  	1  	0.838146
--------------------------------------------------------------------------------

Best individual:
Required sequence: 1, 2, 3, 4, 5, 6, 7, 8, 9, 10, 11, 12
Actual sequence:   1, 2, 3, 4, 5, 6, 7, 8, 9, 10, 11, 12


Best algorithm: mul(1, n)

Success!