   	      	                          fitness                          	              size              
   	      	-----------------------------------------------------------	--------------------------------
gen	nevals	avg        	max        	min     	std        	avg    	max	min	std     
0  	300   	1.50911e+26	4.52732e+28	73.4286 	2.60949e+27	4.17667	11 	2  	2.0196  
1  	155   	1.50911e+26	4.52732e+28	73.4286 	2.60949e+27	3.91333	10 	1  	2.0394  
2  	156   	2.71673e+06	8.14588e+08	58.1429 	4.69517e+07	3.89333	11 	1  	2.24543 
3  	176   	1.50911e+26	4.52732e+28	58.1429 	2.60949e+27	3.98667	11 	1  	2.16791 
4  	169   	8.78416e+16	1.84467e+19	58.1429 	1.09362e+18	4.02   	15 	1  	2.18318 
5  	160   	8.78417e+15	2.63525e+18	58.1429 	1.51892e+17	4.60667	10 	1  	1.781   
6  	165   	1.75683e+16	2.63525e+18	58.1429 	2.14449e+17	4.80667	10 	1  	1.17585 
7  	174   	3.51367e+16	2.63525e+18	58.1429 	3.02257e+17	4.66   	12 	1  	1.14502 
8  	176   	2.63525e+16	2.63525e+18	58.1429 	2.62204e+17	4.68   	12 	1  	1.21282 
9  	159   	6.06657e+17	1.68821e+20	58.1429 	9.73392e+18	4.34667	10 	1  	0.952097
10 	164   	5.2705e+16 	2.63525e+18	58.1429 	3.68935e+17	4.16667	12 	1  	1.01926 
11 	178   	7.02733e+16	2.63525e+18	58.1429 	4.24558e+17	4.02333	9  	1  	0.814118
12 	159   	7.03076e+16	2.63525e+18	58.1429 	4.24553e+17	4.00667	11 	1  	0.725687
13 	167   	3.51367e+16	2.63525e+18	57.5714 	3.02257e+17	4.13667	13 	1  	1.08535 
14 	161   	4.39208e+16	2.63525e+18	57.5714 	3.37362e+17	4.10333	12 	1  	1.11025 
15 	167   	9.66258e+16	1.84467e+19	57.5714 	1.10342e+18	4.13667	13 	1  	1.16818 
16 	162   	7.02733e+16	2.63525e+18	57.5714 	4.24558e+17	4.16333	12 	1  	1.21243 
17 	171   	4.39208e+16	2.63525e+18	57.5714 	3.37362e+17	4.28667	19 	1  	1.7023  
18 	182   	7.02733e+16	2.63525e+18	57.5714 	4.24558e+17	4.29   	12 	1  	1.47622 
19 	173   	9.43207e+24	2.82962e+27	57.5714 	1.63096e+26	4.44667	18 	1  	1.96651 
20 	151   	5.2705e+16 	2.63525e+18	57.5714 	3.68935e+17	4.43   	18 	1  	2.17066 
21 	164   	5.2705e+16 	2.63525e+18	55.4286 	3.68935e+17	5.15   	18 	1  	3.27732 
22 	168   	6.14891e+16	2.63525e+18	55.4286 	3.97817e+17	6.43   	24 	1  	4.46077 
23 	169   	3.51367e+16	2.63525e+18	55.4286 	3.02257e+17	8.78   	24 	1  	5.67611 
24 	173   	673.733    	9647.86    	53.1429 	1234.14    	12.41  	28 	1  	5.73369 
25 	175   	8.78416e+15	2.63525e+18	53.1429 	1.51892e+17	14.7433	38 	1  	5.91361 
26 	158   	8.81848e+15	2.63525e+18	55.4286 	1.51892e+17	16.4633	42 	1  	6.04775 
27 	178   	369.117    	3675.29    	48.5714 	862.337    	17.4133	33 	1  	5.38601 
28 	158   	366.956    	4044.43    	48.5714 	848.981    	18.03  	41 	1  	5.85967 
29 	171   	513.833    	50351.4    	48.5714 	2995.41    	18.9267	42 	4  	6.45197 
30 	171   	8.78416e+15	2.63525e+18	48.5714 	1.51892e+17	19.28  	45 	1  	6.86549 
31 	172   	3580.62    	977946     	48.5714 	56355      	21.1333	48 	3  	7.54689 
32 	150   	254.059    	4241       	47.1429 	728.447    	22.0633	50 	1  	8.55994 
33 	164   	426.897    	40681.5    	47.1429 	2446.42    	22.1367	51 	4  	9.19228 
34 	163   	13732.3    	4.05024e+06	46.7143 	233438     	21.7733	51 	3  	9.07572 
35 	180   	8.78416e+15	2.63525e+18	47.1429 	1.51892e+17	20.4267	57 	4  	8.18401 
36 	159   	1013.62    	229408     	46.7143 	13225.5    	19.1633	47 	2  	7.11454 
37 	154   	255.523    	4767.43    	46.5714 	724.3      	18.77  	54 	3  	6.86322 
38 	158   	8.78416e+15	2.63525e+18	39.7143 	1.51892e+17	18.61  	42 	1  	6.85842 
39 	171   	1006.58    	228085     	39      	13164.2    	18.2667	46 	1  	6.13587 
40 	159   	668.754    	115391     	39      	6678.3     	18.5667	47 	1  	6.0695  
41 	169   	8.78416e+15	2.63525e+18	38.5714 	1.51892e+17	18.6967	38 	4  	6.49856 
42 	164   	8.78416e+15	2.63525e+18	38.5714 	1.51892e+17	19.41  	39 	4  	6.71033 
43 	156   	1.75683e+16	2.63525e+18	38.5714 	2.14449e+17	19.07  	54 	3  	6.94779 
44 	176   	8.78416e+15	2.63525e+18	38.5714 	1.51892e+17	19.6367	43 	1  	6.00316 
45 	168   	8.78416e+15	2.63525e+18	38.4286 	1.51892e+17	20.8333	47 	1  	6.74578 
46 	166   	42869.1    	1.27788e+07	38.4286 	736542     	23.04  	51 	4  	7.1273  
47 	173   	39258.2    	1.16986e+07	38.4286 	674280     	25.1167	49 	1  	8.45989 
48 	163   	1455       	230144     	38.4286 	15975.5    	27.4733	63 	3  	9.58102 
49 	171   	236.928    	7332.71    	33.4286 	803.993    	28.0467	63 	4  	9.98788 
50 	175   	55971.3    	1.64851e+07	22      	950213     	28.1633	70 	1  	10.6719 
51 	157   	39151.1    	1.16986e+07	22      	674286     	29.7267	65 	4  	10.803  
52 	163   	8.78416e+15	2.63525e+18	22      	1.51892e+17	29.6733	65 	1  	12.1776 
53 	165   	209.882    	3185       	18      	635.059    	30.1667	103	2  	13.1559 
54 	159   	1947.53    	298463     	12.8571 	21614.7    	31.04  	103	5  	13.4392 
55 	164   	8.19971e+06	2.4598e+09 	12.8571 	1.4178e+08 	31.2267	105	4  	13.8702 
56 	171   	8.78416e+15	2.63525e+18	12.8571 	1.51892e+17	32.9533	95 	1  	14.9735 
57 	172   	31840.4    	9.46137e+06	12.2857 	545331     	36.9233	116	1  	17.2944 
58 	171   	5.25627e+08	1.57688e+11	12.8571 	9.08894e+09	40.3533	95 	1  	17.1198 
59 	155   	173.909    	9094       	12.2857 	725.79     	44.8067	115	1  	18.9563 
60 	165   	85.0032    	3949.14    	12.2857 	358.127    	44.1833	108	4  	16.9697 
61 	157   	3.48863e+07	1.04659e+10	12.2857 	6.0324e+08 	44.06  	108	4  	17.0209 
62 	180   	3.3647e+10 	1.00941e+13	9.42857 	5.81812e+11	43.0367	153	1  	19.2091 
63 	134   	131.567    	10427.6    	9.42857 	713.539    	43.5033	160	4  	20.1832 
64 	170   	1.75684e+16	2.63525e+18	4.64355 	2.14449e+17	42.45  	185	2  	19.8285 
65 	176   	103.185    	3734.59    	0.714286	419.907    	42.36  	202	3  	18.8033 
66 	150   	5.33827e+08	1.57688e+11	0.714286	9.08958e+09	46.7733	100	1  	18.9836 
67 	179   	8.78416e+15	2.63525e+18	0.714286	1.51892e+17	55.7933	130	2  	21.9861 
68 	172   	416.966    	93657.7    	0.714286	5410.85    	65.3333	140	2  	22.5274 
69 	146   	66.974     	4838.86    	0.714286	425.738    	69.5667	140	1  	22.4499 
70 	180   	1179.45    	181047     	1.21498 	13607.5    	73.6667	144	9  	22.8031 
71 	181   	3234.6     	797416     	1.21498 	46730.6    	71.7033	162	5  	21.2795 
72 	153   	90.7362    	3338.14    	1.21498 	451.107    	70.4967	147	1  	21.7476 
73 	180   	3.3647e+10 	1.00941e+13	0.714286	5.81811e+11	68.2433	157	4  	22.5182 
74 	169   	8.1995e+06 	2.45968e+09	0.714286	1.41773e+08	68.8   	149	10 	21.268  
75 	170   	66.4153    	2749.29    	0.714286	363.046    	68.27  	190	10 	24.0285 
76 	176   	105.031    	3749.14    	0.714286	500.78     	61.5667	149	4  	23.5335 
77 	151   	76.5131    	4342.29    	0.714286	441.418    	60.62  	146	1  	21.8657 
78 	152   	793.777    	144295     	0.714286	9415.42    	63.1667	135	1  	21.4407 
79 	185   	266.363    	37271.3    	0.571429	2272.69    	61.6533	134	3  	22.0088 
80 	162   	581.157    	148629     	0.571429	8571.14    	63.87  	134	4  	23.0979 
81 	147   	800.448    	228243     	0.571429	13155.9    	65.3367	132	4  	22.5327 
82 	169   	1.39073e+08	4.1722e+10 	0.571429	2.4048e+09 	67.4667	136	4  	22.8144 
83 	141   	77.551     	8097.29    	0.571429	561.74     	67.9433	132	1  	22.888  
84 	150   	8.78416e+15	2.63525e+18	0.571429	1.51892e+17	70.18  	143	13 	22.7249 
85 	136   	3.57128e+06	1.07138e+09	0.571429	6.17528e+07	73.2933	134	9  	22.3954 
86 	165   	36.1624    	2341       	0.571429	235.578    	72.2   	149	7  	23.3331 
87 	144   	63.2425    	3266.29    	0.571429	373.193    	74.0867	156	1  	24.9842 
88 	173   	3.3647e+10 	1.00941e+13	0.571429	5.81811e+11	75.1167	164	9  	24.8542 
89 	172   	8.19839e+06	2.4595e+09 	0.571429	1.41762e+08	76.6633	152	14 	23.0552 
90 	179   	120.08     	9072.57    	0.571429	674.923    	77.7   	153	1  	23.8356 
91 	174   	562.958    	148047     	0.571429	8536.42    	80.5433	153	9  	24.9628 
92 	171   	93.954     	9498.29    	0.571429	641.205    	83.48  	160	9  	27.0122 
93 	173   	86.6996    	2901.43    	0.571429	422.023    	83.9833	165	10 	27.0341 
94 	144   	88.3648    	3419.29    	0.571429	456.696    	86.4633	182	10 	27.3051 
95 	169   	8.78416e+15	2.63525e+18	0.571429	1.51892e+17	88.62  	182	1  	28.4978 
96 	160   	25.9633    	2408.14    	0.571429	192.832    	85.4533	196	10 	28.2207 
97 	175   	107.597    	2959.86    	0.571429	516.483    	86.3633	167	10 	29.7635 
98 	167   	1.50911e+26	4.52732e+28	0.571429	2.60949e+27	87.3467	167	4  	31.1953 
99 	168   	61.5687    	2749.29    	0.571429	345.234    	91.9933	200	10 	35.0413 
100	157   	5.62736e+17	1.68821e+20	0.571429	9.73062e+18	98.61  	204	2  	37.1084 
101	160   	86.9575    	4342.29    	0.428571	471.218    	101.573	204	1  	38.2672 
102	183   	100.277    	2968.57    	0.428571	449.886    	104.783	229	9  	39.5854 
103	154   	8582.39    	2.55276e+06	0.428571	147134     	108.15 	204	2  	38.7901 
104	195   	875.799    	228387     	0.428571	13166      	107.533	212	10 	37.6753 
105	154   	1.39263e+08	4.1722e+10 	0.428571	2.40479e+09	111.433	176	11 	36.6897 
106	149   	99.2657    	3503.43    	0.428571	483.767    	112.363	187	9  	37.3763 
107	158   	49.171     	3588       	0.428571	344.358    	111.54 	189	1  	37.9408 
108	174   	49.546     	2711.57    	0.428571	314.178    	109.983	236	20 	36.4692 
109	165   	89.9471    	10033.3    	0.428571	664.667    	107.48 	234	19 	40.5554 
110	137   	1.39074e+08	4.17221e+10	0.428571	2.40481e+09	103.227	189	14 	38.6249 
111	163   	96.1266    	3106.15    	0.428571	472.284    	95.4533	194	10 	36.5342 
112	168   	8.78416e+15	2.63525e+18	0.428571	1.51892e+17	82.8833	197	1  	30.043  
113	170   	8.78416e+15	2.63525e+18	0.428571	1.51892e+17	81.1867	190	10 	25.1955 
114	147   	193.215    	36866.7    	0.428571	2153.05    	78.03  	161	3  	20.7267 
115	164   	2.09431e+09	6.28294e+11	0.428571	3.6214e+10 	81.5433	155	10 	23.9715 
116	153   	107.474    	4090.71    	0.428571	485.887    	84.29  	158	14 	24.6294 
117	181   	8.78416e+15	2.63525e+18	0.428571	1.51892e+17	86.7067	185	19 	25.4913 
118	166   	2.24875e+18	6.74624e+20	0.428571	3.88845e+19	87.0033	189	9  	28.8728 
119	175   	149.419    	3329.57    	0.428571	581.963    	88     	189	9  	32.3352 
120	177   	56.1738    	2690.71    	0.428571	323.404    	91.9   	185	9  	32.2689 
121	191   	33489.8    	1.0022e+07 	0.428571	577652     	94.2267	186	9  	32.0613 
122	182   	8.78416e+15	2.63525e+18	0.428571	1.51892e+17	97.11  	187	10 	35.0239 
123	162   	91.513     	3414.86    	0.428571	436.053    	97.6967	227	9  	36.1379 
124	151   	70.6742    	3764.57    	0.428571	418.85     	100.963	209	1  	35.8072 
125	179   	126.37     	3728.57    	0.428571	544.312    	103.857	213	10 	38.6861 
126	179   	106.182    	3434.86    	0.428571	490.475    	107.023	283	15 	39.6803 
127	168   	1.90824e+07	3.26518e+09	0.428571	2.3524e+08 	108.42 	237	1  	39.107  
128	187   	97.9369    	3179.29    	0.428571	460.455    	109.45 	220	9  	41.0699 
129	173   	81.7877    	3774.62    	0.428571	442.45     	113.42 	299	5  	39.175  
130	174   	1.30895e+08	3.9266e+10 	0.428571	2.26324e+09	114.847	296	9  	37.3548 
131	183   	92.6746    	3106.71    	0.428571	442.23     	115.343	296	15 	37.8577 
132	162   	47.453     	2899.86    	0.428571	312.079    	117.237	240	14 	39.4811 
133	148   	1.39069e+08	3.92664e+10	0.428571	2.26721e+09	119.22 	240	39 	34.413  
134	171   	102.661    	3084.13    	0.428571	488.437    	116.27 	238	10 	34.5154 
135	161   	48.9139    	4044.43    	0.428571	349.893    	113.76 	238	1  	36.9369 
136	180   	75.1621    	2749.29    	0.428571	394.758    	117.337	238	9  	36.833  
137	168   	1.75683e+16	2.63525e+18	0.428571	2.14449e+17	118.98 	275	9  	36.5642 
138	170   	48.6108    	3106.64    	0.428571	337.639    	121.377	313	10 	38.5882 
139	142   	8.78416e+15	2.63525e+18	0.428571	1.51892e+17	123.617	223	40 	34.7626 
140	164   	8.78416e+15	2.63525e+18	0.428571	1.51892e+17	126.337	231	10 	41.4012 
141	151   	8.78416e+15	2.63525e+18	0.428571	1.51892e+17	130.463	223	10 	37.3792 
142	173   	8.78416e+15	2.63525e+18	0.428571	1.51892e+17	127.217	212	10 	38.6151 
143	174   	5.89498e+23	1.76849e+26	0.428571	1.01934e+25	126.577	268	14 	39.3133 
144	155   	69.6558    	3106.71    	0.428571	402.1      	129.51 	284	10 	38.4764 
145	167   	44.6534    	4077.29    	0.428571	329.513    	128.443	248	20 	38.1233 
146	164   	8.78416e+15	2.63525e+18	0.428571	1.51892e+17	126.917	248	15 	36.5467 
147	165   	3.3647e+10 	1.00941e+13	0.428571	5.81811e+11	126.857	248	1  	38.7877 
148	178   	58.4624    	3035.86    	0.428571	351.05     	129.97 	252	40 	32.7338 
149	168   	8.78416e+15	2.63525e+18	0.428571	1.51892e+17	126.067	315	9  	39.7466 
150	152   	8054.24    	2.39909e+06	0.428571	138277     	129.27 	257	1  	38.4635 
151	155   	80.6548    	2749.29    	0.428571	423.144    	123.74 	231	10 	35.1682 
152	172   	87.8624    	2749.14    	0.428571	415.573    	128.18 	293	15 	38.2659 
153	173   	8.78416e+15	2.63525e+18	0.428571	1.51892e+17	131.127	239	10 	36.972  
154	163   	88.8105    	3486.71    	0.428571	463.87     	130.883	237	9  	39.2868 
155	176   	70.2599    	9072.43    	0.428571	582.708    	131.973	231	15 	38.9522 
156	165   	78.4263    	3407.29    	0.428571	417.505    	133.343	240	14 	40.775  
157	151   	39.57      	2689.14    	0.428571	247.525    	135.563	239	14 	39.223  
158	160   	40.6805    	2710.86    	0.428571	264.676    	143.177	239	9  	40.5412 
159	137   	60.0993    	4658.14    	0.428571	400.664    	145.58 	246	1  	42.8837 
160	182   	8.78416e+15	2.63525e+18	0.428571	1.51892e+17	146.1  	266	9  	42.8922 
161	161   	51.7948    	2689.14    	0.428571	298.929    	149.533	266	9  	43.6165 
162	159   	51.1876    	3253.57    	0.428571	352.502    	152.7  	286	10 	46.5672 
163	148   	43.4324    	3035.86    	0.428571	322.25     	159.91 	286	9  	42.3583 
164	153   	8.92142e+15	2.63525e+18	0.428571	1.51903e+17	154.387	269	9  	46.8154 
165	192   	2.24875e+18	6.74624e+20	0.428571	3.88845e+19	154.677	269	9  	45.2293 
166	176   	78.3262    	2966.86    	0.428571	431.901    	155.6  	269	10 	48.0537 
167	169   	43.6971    	2530.71    	0.428571	277.925    	156.047	305	15 	44.7148 
168	165   	76.4767    	3254.86    	0.428571	408.74     	157.113	257	9  	42.7391 
169	163   	24.731     	2197.14    	0.428571	180.392    	159.83 	257	14 	45.2383 
170	167   	66.68      	8526.14    	0.428571	576.64     	164.283	258	9  	45.7901 
171	159   	8.78416e+15	2.63525e+18	0.428571	1.51892e+17	167.94 	267	24 	44.1026 
172	163   	8.78416e+15	2.63525e+18	0.428571	1.51892e+17	167.497	282	20 	44.5329 
173	152   	83.7995    	2966.71    	0.428571	441.098    	166.557	296	18 	42.8408 
174	162   	6.86263e+14	2.05879e+17	0.428571	1.18666e+16	167.713	296	1  	49.5988 
175	166   	53.7938    	2749.29    	0.428571	344.115    	171.323	352	9  	48.5636 
176	169   	10026.4    	2.39207e+06	0.428571	141987     	174.037	307	10 	47.954  
177	168   	33.567     	2752.71    	0.428571	262.751    	175.147	301	20 	49.7183 
178	162   	81.4646    	2693.71    	0.428571	409.451    	180.757	301	16 	49.8857 
179	166   	56.0519    	2919.71    	0.428571	336.078    	182.683	315	11 	52.7907 
180	151   	38.6729    	2749.29    	0.428571	290.884    	185.413	344	16 	55.5843 
181	152   	36.6848    	3266.29    	0.428571	270.319    	186.37 	333	1  	55.7484 
182	176   	20.4059    	2197       	0.428571	176.424    	186.01 	315	17 	50.5022 
183	173   	13.3576    	2037.57    	0.428571	122.346    	184.607	315	10 	49.3744 
184	169   	37.6159    	2834.86    	0.428571	259.885    	187.993	315	11 	45.9146 
185	178   	60.0619    	3764.57    	0.428571	381.107    	186.907	286	2  	48.6222 
186	143   	19.9995    	2197       	0.428571	177.994    	192.38 	286	46 	45.9058 
187	174   	22.709     	2092.14    	0.428571	180.589    	190.687	286	14 	45.8783 
188	156   	50.2248    	3169.8     	0.428571	333.582    	190.967	327	9  	48.673  
189	163   	8.78416e+15	2.63525e+18	0.428571	1.51892e+17	193.723	286	10 	44.5158 
190	187   	1.50911e+26	4.52732e+28	0.428571	2.60949e+27	196.613	286	9  	43.1076 
191	168   	86.4057    	4266.57    	0.428571	465.449    	193.507	286	3  	47.3687 
192	171   	31.3598    	2707.29    	0.428571	247.379    	193.16 	388	20 	44.4546 
193	170   	51.4367    	2759       	0.428571	325.791    	195.537	350	16 	47.2788 
194	171   	39.6111    	2689.14    	0.428571	264.688    	195.563	350	17 	51.5022 
195	159   	33.7407    	2689.14    	0.428571	238.865    	191.7  	350	10 	52.3495 
196	156   	59.9976    	3035.86    	0.428571	356.202    	190.03 	352	14 	52.6669 
197	177   	24.4434    	2749.14    	0.428571	212.501    	189.937	352	15 	59.5777 
198	154   	44.1671    	3106.71    	0.428571	323.922    	194.67 	378	14 	51.0515 
199	139   	8.78416e+15	2.63525e+18	0.428571	1.51892e+17	192.617	349	14 	49.3033 
200	151   	32.9981    	2756.14    	0.428571	265.025    	193.667	349	17 	50.2849 
201	156   	42.6644    	3106.57    	0.428571	291.051    	186.507	349	15 	53.7833 
202	168   	72.2095    	3114.86    	0.428571	418.434    	191.517	349	10 	54.086  
203	154   	32.2866    	2688.57    	0.428571	213        	192.997	349	29 	54.5708 
204	158   	48.3571    	2966.86    	0.428571	313.928    	196.83 	349	15 	54.9891 
205	163   	24.0129    	2689.14    	0.428571	220.915    	195.3  	346	30 	53.2164 
206	154   	134125     	4.02237e+07	0.428571	2.31844e+06	192.307	374	12 	55.7061 
207	176   	44.6623    	3084.27    	0.428571	296.255    	190.837	394	10 	55.2723 
208	165   	35.8569    	5757.57    	0.428571	367.694    	186.887	354	4  	52.6133 
209	152   	32.7684    	2689.14    	0.428571	259.476    	192.257	354	19 	49.7515 
210	177   	45.7814    	2749.29    	0.428571	277.006    	190.763	353	9  	50.5327 
211	156   	58.0655    	2834.86    	0.428571	369.578    	192.767	375	71 	45.9519 
212	173   	186.296    	38618      	0.428571	2251.36    	191.15 	375	10 	45.8117 
213	153   	62.9574    	3106.29    	0.428571	369        	191.917	285	4  	47.0537 
214	146   	8.78416e+15	2.63525e+18	0.428571	1.51892e+17	189.5  	280	16 	41.6265 
215	148   	2.17219e+06	6.5164e+08 	0.428571	3.75597e+07	189.383	282	14 	45.189  
216	173   	8.78416e+15	2.63525e+18	0.428571	1.51892e+17	192.69 	282	9  	43.0706 
217	151   	2.17214e+06	6.5164e+08 	0.428571	3.75597e+07	191.35 	356	9  	45.5972 
218	174   	41.8067    	2707.29    	0.428571	295.526    	191.51 	313	16 	45.6298 
219	162   	8.78416e+15	2.63525e+18	0.428571	1.51892e+17	188.467	381	9  	48.96   
220	177   	113.743    	8505.57    	0.428571	679.404    	186.097	351	9  	48.7821 
221	160   	40.8085    	3266.54    	0.428571	300.878    	187.71 	366	17 	46.7297 
222	185   	60.3877    	3926.86    	0.428571	387.229    	189.377	351	9  	48.5308 
223	157   	38.0399    	3047.14    	0.428571	259.239    	191.653	370	20 	44.4167 
224	167   	49.7652    	2489.57    	0.428571	302.671    	192.923	315	20 	45.0792 
225	152   	33.4305    	2834.86    	0.428571	275.503    	190.47 	315	9  	51.6016 
226	191   	71.5317    	3254.86    	0.428571	402.776    	187.053	365	13 	50.5545 
227	164   	2.1722e+06 	6.5164e+08 	0.428571	3.75597e+07	188.51 	315	15 	46.3947 
228	183   	95.431     	8716       	0.428571	622.278    	188    	319	9  	55.4953 
229	163   	176.821    	44876.6    	0.428571	2593.08    	192.893	319	9  	54.6535 
230	166   	8.78416e+15	2.63525e+18	0.428571	1.51892e+17	199.9  	324	11 	55.4706 
231	169   	134118     	4.02237e+07	0.428571	2.31844e+06	199.623	318	14 	52.5966 
232	171   	2.17217e+06	6.5164e+08 	0.428571	3.75597e+07	197.433	314	14 	53.7279 
233	164   	51.1856    	3106.86    	0.428571	352.125    	199.737	313	10 	54.9619 
234	190   	8.78416e+15	2.63525e+18	0.428571	1.51892e+17	197.72 	357	35 	54.1425 
235	170   	8007.24    	2.39207e+06	0.428571	137874     	198.403	357	9  	59.5209 
236	147   	33.95      	3197.71    	0.428571	237.346    	201.227	325	10 	58.2624 
237	186   	57.9519    	3926.86    	0.428571	377.053    	201.047	377	9  	54.3607 
238	148   	47007.6    	1.40898e+07	0.428571	812118     	203.58 	377	68 	53.6426 
239	172   	22.4086    	2749.29    	0.428571	211.254    	205.8  	377	10 	56.9285 
240	181   	47.9254    	3106.86    	0.428571	338.01     	205.817	379	15 	58.6401 
241	164   	50.6927    	2689.14    	0.428571	320.489    	215.64 	379	15 	58.5737 
242	148   	41.8761    	3106.15    	0.428571	308.657    	229.943	379	15 	60.5248 
243	159   	34.2303    	2966.71    	0.428571	249.255    	234.887	490	34 	66.6408 
244	170   	53.1311    	2769.57    	0.428571	336.883    	234.793	386	9  	68.1946 
245	166   	8.19837e+06	2.4595e+09 	0.428571	1.41762e+08	230.133	451	9  	67.3773 
246	157   	7.88756    	558.286    	0.428571	48.0915    	228.7  	451	9  	70.271  
247	143   	5.60886    	457.714    	0.428571	35.1258    	228.797	386	10 	66.9377 
248	142   	36.5501    	2689.14    	0.428571	266.874    	231.173	392	18 	69.6607 
249	163   	17.5257    	2689.14    	0.428571	161.541    	228.993	392	10 	71.4838 
250	164   	31.0419    	2750.43    	0.428571	244.398    	233.903	392	20 	72.1522 
251	164   	27.7484    	2749.29    	0.428571	215.851    	235.073	392	10 	74.3492 
252	158   	2.17266e+06	6.51782e+08	0.428571	3.75679e+07	240.047	391	15 	75.8301 
253	160   	49.3752    	9072.43    	0.428571	538.8      	244.337	391	15 	71.8085 
254	147   	13.1754    	3035.86    	0.428571	176.1      	246.093	394	14 	73.0907 
255	158   	22.5723    	2197       	0.428571	172.814    	242.053	394	20 	72.9815 
256	166   	8.78416e+15	2.63525e+18	0.428571	1.51892e+17	235.283	408	1  	78.564  
257	172   	72.9007    	3458       	0.428571	434.113    	243.61 	503	15 	78.7291 
258	171   	57.4881    	5390       	0.428571	418.188    	249.94 	433	9  	74.3777 
259	186   	44.4237    	3349.57    	0.428571	311.853    	249.637	431	3  	81.8144 
260	181   	57.3057    	3395       	0.428571	366.576    	254.99 	431	12 	78.9054 
261	170   	24.0305    	2689.14    	0.428571	203.167    	261.387	432	100	79.0688 
262	160   	8.78416e+15	2.63525e+18	0.428571	1.51892e+17	266.353	432	10 	80.128  
263	183   	6.02976    	332.571    	0.428571	35.4102    	264.137	441	10 	82.4566 
264	166   	41.7585    	3084.13    	0.285714	302.485    	259.623	457	15 	86.9258 
265	174   	8.78416e+15	2.63525e+18	0.285714	1.51892e+17	259.77 	461	15 	84.2842 
266	162   	38.4052    	2921       	0.285714	286.448    	258.27 	457	15 	86.6687 
267	154   	26.4681    	2359.14    	0.285714	209.674    	265.793	429	11 	79.39   
268	172   	31.7614    	2970.57    	0.285714	258.843    	252.37 	442	14 	82.4224 
269	177   	24.3482    	2692.43    	0.285714	209.552    	225.897	422	42 	78.3141 
270	183   	25.7795    	3926.86    	0.285714	233.041    	193.59 	409	38 	52.9744 
271	166   	15.9204    	2532.57    	0.285714	152.936    	182.947	332	34 	30.0691 
272	180   	135.952    	21598.7    	0.285714	1301.08    	179.173	322	34 	33.0795 
273	159   	23.9286    	2749.14    	0.285714	225.246    	180.307	302	28 	32.4237 
274	156   	221.75     	61064.7    	0.285714	3522.31    	181.177	302	39 	32.5122 
275	156   	11.7761    	443.429    	0.285714	56.7376    	180.953	301	43 	32.5386 
276	172   	19.1639    	2749.29    	0.285714	167.139    	176.153	302	34 	35.8519 
277	153   	67.6378    	3855.86    	0.285714	426.893    	179.193	301	3  	32.5852 
278	179   	673.571    	190942     	0.285714	11007      	179.24 	323	37 	36.6813 
279	182   	56.2386    	2836.86    	0       	335.796    	181.24 	326	31 	37.5132 
280	165   	41.8021    	3088.65    	0       	290.068    	181.257	333	35 	38.8943 
281	159   	44.8219    	3142.71    	0       	331.167    	179.603	327	37 	40.67   
282	159   	29.601     	2679.29    	0       	229.405    	178.22 	327	41 	38.1928 
283	163   	55.5076    	6044.43    	0       	459.552    	176.02 	295	8  	36.7462 
284	166   	33.2551    	3048.86    	0       	269.78     	170.14 	295	18 	32.1067 
285	163   	49.0535    	2749.29    	0       	315.608    	164.04 	278	21 	27.7885 
286	169   	109.273    	10427.4    	0       	771.901    	164.253	278	2  	24.3315 
287	162   	40.0976    	2979.57    	0       	266.262    	166.55 	299	39 	28.0943 
288	159   	22.3414    	2187.43    	0       	177.991    	171.11 	299	72 	27.8675 
289	160   	59.6057    	5810.71    	0       	503.195    	168.157	299	39 	33.3437 
290	152   	57.5636    	10121.4    	0       	612.609    	168.163	281	39 	34.6363 
291	162   	37.1707    	2530.71    	0       	244.728    	167.923	279	16 	35.123  
292	169   	511202     	1.53354e+08	0       	8.83914e+06	168.87 	279	43 	33.7311 
293	176   	34.7064    	3120.14    	0       	267.476    	170.96 	286	41 	33.463  
294	176   	38.9576    	3017.29    	0       	280.797    	170.79 	293	19 	34.8956 
295	162   	32.5732    	2845.71    	0       	219.887    	173.737	293	25 	36.3176 
296	166   	21.3693    	2537.86    	0       	192.096    	173.843	297	37 	37.106  
297	163   	29.8569    	2701       	0       	229.457    	175.56 	302	33 	40.0916 
298	167   	7.69774    	507.714    	0       	47.0484    	179.423	306	20 	40.3921 
299	178   	59.5976    	10284.6    	0       	609.319    	175.34 	306	38 	40.2079 
300	157   	8513.1     	2.5203e+06 	0       	145262     	178.557	306	35 	39.6716 
301	193   	68.1767    	3048.86    	0       	339.434    	178.263	322	20 	42.6824 
302	144   	6.69788e+07	1.96337e+10	0       	1.13188e+09	183.177	310	38 	37.3859 
303	167   	515.486    	148629     	0       	8567.71    	179.947	310	68 	35.8336 
304	163   	85.6754    	11376.3    	0       	722.333    	179.303	278	25 	39.0639 
305	165   	811.219    	228254     	0       	13161      	180.483	273	35 	36.1736 
306	179   	263.348    	69724.6    	0       	4023.71    	180.7  	273	46 	34.723  
307	168   	15.8918    	2023.14    	0       	126.617    	180.323	293	30 	36.0993 
308	163   	25.6884    	2414.29    	0       	182.296    	183.317	293	30 	39.8586 
309	167   	51.6884    	5279.43    	0       	405.748    	180.44 	293	27 	38.9033 
310	182   	2781.95    	828171     	0       	47733.8    	179.647	293	20 	41.5584 
311	176   	23.9205    	2749.14    	0       	225.5      	177.367	310	45 	36.9886 
312	185   	313.307    	68298.3    	0       	3982.61    	177.017	303	1  	42.2892 
313	170   	46.0855    	3084.21    	0       	314.623    	177.637	311	59 	37.4693 
314	165   	33.3836    	2749.29    	0       	233.555    	176.123	303	21 	41.3838 
315	173   	875.345    	190951     	0       	11347.7    	175.893	325	17 	43.2811 
316	165   	64.7475    	6035.29    	0       	454.882    	179.42 	311	42 	42.5958 
317	164   	40.1676    	5810.71    	0       	391.708    	183.91 	311	30 	43.8145 
318	165   	757.413    	170008     	0       	10174.6    	183.483	290	12 	42.6946 
319	133   	48.7633    	2497.29    	0       	300.393    	180.35 	292	40 	41.9496 
320	170   	35.5558    	2883.61    	0       	265.079    	181.143	305	24 	39.2816 
321	164   	94.1262    	10738.6    	0       	738.276    	182.337	321	3  	44.3139 
322	169   	82.5021    	2847       	0       	415.219    	184.923	321	15 	49.0955 
323	165   	56.0487    	3296.14    	0       	367.814    	192.41 	303	26 	47.0577 
324	158   	29.0314    	3321.86    	0       	249.533    	190.39 	334	4  	50.3374 
325	170   	51.4285    	3536.71    	0       	357.551    	193.857	334	19 	48.9648 
326	186   	134132     	4.02228e+07	0       	2.31839e+06	202.277	325	15 	53.2291 
327	170   	41.5833    	3178.14    	0       	281.724    	200.227	325	32 	54.9297 
328	146   	2.04506e+06	6.13492e+08	0       	3.53609e+07	202.223	317	26 	56.4778 
329	161   	1.4392e+20 	4.31759e+22	0       	2.4886e+21 	198.297	367	26 	55.14   
330	160   	52.7553    	3072       	0       	344.064    	201.023	365	47 	56.7633 
331	166   	64.3953    	10121.4    	0       	628.731    	199.16 	319	58 	54.2821 
332	154   	104.378    	11915.4    	0       	824.291    	199.653	319	2  	57.7316 
333	157   	152.087    	9820.57    	0       	910.62     	195.747	370	1  	56.6893 
334	146   	89.3795    	8088.57    	0       	609.915    	201.487	339	14 	55.3272 
335	150   	46.1367    	2932.71    	0       	313.624    	200.563	319	33 	53.3598 
336	159   	41.8228    	3139.57    	0       	299.091    	198.65 	324	36 	52.9451 
337	164   	178.335    	29425.6    	0       	1742.25    	195.563	334	18 	52.1125 
338	174   	5.70971e+17	1.68656e+20	0       	9.72179e+18	192.963	367	9  	54.3845 
339	171   	35.6076    	3750.86    	0       	309.656    	201.01 	367	21 	50.7235 
340	172   	41.9419    	2845.71    	0       	301.222    	204.577	367	83 	51.2047 
341	174   	8565.37    	2.54216e+06	0       	146523     	207.713	375	23 	56.8685 
342	176   	15.6008    	2722.43    	0       	163.709    	208.113	375	17 	54.5828 
343	182   	36.8526    	3084.25    	0       	273.649    	205.863	375	11 	55.4966 
344	178   	5.89498e+23	1.76849e+26	0       	1.01934e+25	209    	373	79 	53.773  
345	171   	28.0843    	2701       	0       	227.158    	215.997	373	30 	56.0993 
346	202   	65.999     	3682.35    	0       	412.787    	221.237	373	3  	62.5526 
347	125   	134142     	4.02228e+07	0       	2.31839e+06	228.51 	373	43 	58.8975 
348	189   	13.1258    	2911.71    	0       	169.395    	228.96 	379	48 	61.1069 
349	175   	151.51     	36248.1    	0       	2101.52    	236.463	379	126	58.5573 
350	155   	86.3794    	6044.43    	0       	520.033    	244.11 	397	74 	62.6935 
351	154   	52.215     	3119.93    	0       	351.285    	247.603	419	61 	63.8656 
352	175   	37.8124    	2701       	0       	272.301    	248.897	433	70 	66.0922 
353	161   	74.1548    	10427.4    	0       	665.563    	247.553	396	68 	62.8492 
354	147   	39.3768    	2942.71    	0       	300.878    	255.617	424	38 	60.7736 
355	150   	283.411    	36866.3    	0       	2987.8     	261.01 	424	5  	63.6226 
356	150   	50.1295    	2979.57    	0       	342.319    	259.563	429	46 	60.1466 
357	170   	453.482    	116337     	0       	6728.91    	266.037	416	37 	61.5821 
358	175   	61.9411    	2979.43    	0       	389.509    	265.83 	416	22 	60.663  
359	160   	37.1093    	6035.29    	0       	371.965    	270.5  	397	116	57.5475 
360	154   	85.1767    	11900.4    	0       	749.009    	268.287	397	90 	58.5973 
361	154   	39.9486    	2701       	0       	278.235    	268.563	389	121	58.1812 
362	176   	72.1981    	3578.71    	0       	426.625    	262.907	380	1  	62.6324 
363	178   	96.555     	11622.1    	0       	761.71     	265.75 	389	83 	61.8862 
364	151   	8.78416e+15	2.63525e+18	0       	1.51892e+17	266.063	389	1  	60.6708 
365	160   	53.2186    	2701       	0       	350.516    	265.857	400	94 	59.2584 
366	178   	2.04505e+06	6.13492e+08	0       	3.53609e+07	264.703	414	84 	58.1297 
367	154   	39.1895    	2979.43    	0       	303.585    	267.8  	414	90 	58.1244 
368	175   	66.2849    	3418.57    	0       	410.1      	266.233	374	95 	58.1373 
369	165   	56.5363    	2740.71    	0       	357.296    	271.96 	381	105	54.0789 
370	190   	61.6528    	2845.71    	0       	359.558    	270.26 	381	121	56.442  
371	179   	36.2864    	2541.43    	0       	274.961    	272.207	403	94 	58.8392 
372	170   	33.8914    	2862       	0       	273.227    	277.557	450	141	61.6304 
373	146   	13.2767    	2788.43    	0       	162.88     	276.383	450	95 	60.6627 
374	166   	84.8512    	7947.43    	0       	598.977    	276.64 	467	91 	62.2549 
375	154   	2.24929e+18	6.74788e+20	0       	3.88939e+19	278.267	450	135	60.6352 
376	177   	79.4563    	4767.43    	0       	466.235    	278.21 	450	1  	64.1979 
377	180   	31.5857    	2845.71    	0       	274.338    	276.3  	418	132	59.5764 
378	178   	269.027    	36866.3    	0       	2423.11    	278.967	458	8  	63.1718 
379	145   	36.2974    	2701       	0       	268.91     	284.523	458	88 	61.7298 
380	167   	20.5361    	2921       	0       	205.196    	287.833	462	63 	64.7066 
381	181   	40.4157    	3120       	0       	306.989    	288.617	462	134	60.7726 
382	188   	39.8278    	2701       	0       	266.045    	288.68 	462	97 	68.2678 
383	182   	80.6905    	18288.3    	0       	1072.05    	288.56 	464	44 	68.3025 
384	146   	21.2437    	2379.43    	0       	185.181    	283.62 	465	125	73.8506 
385	172   	55.1205    	2979.43    	0       	342.098    	285.81 	492	93 	75.5176 
386	161   	689.819    	190951     	0       	11009.1    	298.09 	492	113	75.8956 
387	180   	37.0344    	6044.43    	0       	377.884    	298.883	492	89 	73.7353 
388	164   	48.0852    	2922       	0       	337.917    	298.22 	490	103	74.385  
389	156   	18.8246    	2749.14    	0       	202.574    	300.587	495	84 	82.1872 
390	154   	34.8981    	2722.43    	0       	280.417    	304.163	498	103	85.6342 
391	153   	54.4205    	3742.3     	0       	355.571    	301.24 	489	4  	86.0573 
392	156   	112.844    	19612.6    	0       	1178.01    	298.497	489	144	84.6958 
393	146   	30.319     	2321.71    	0       	230.864    	286.293	489	144	81.021  
394	161   	28.3205    	2696.86    	0       	246.049    	288.947	489	115	88.1682 
395	169   	136352     	4.08865e+07	0       	2.35664e+06	291.47 	489	74 	95.7057 
396	162   	42.8086    	2749.29    	0       	312.157    	279.907	510	79 	94.4204 
397	168   	41.6433    	3267.43    	0       	320.819    	283.583	510	77 	92.9847 
398	159   	525.268    	152441     	0       	8787.15    	288.837	481	140	91.601  
399	150   	36.6671    	2979.57    	0       	271.293    	291.183	481	111	95.4286 
400	165   	1522.09    	441241     	0       	25432.9    	299.51 	483	98 	93.0841 
401	168   	34.5548    	2979.43    	0       	269.61     	307.293	483	137	93.9401 
402	166   	86.0995    	9820.57    	0       	673.875    	308.46 	511	73 	93.4259 
403	159   	2025.13    	596848     	0       	34400.7    	308.167	478	83 	91.4937 
404	161   	63.4565    	2911.71    	0       	400.899    	306.24 	487	83 	90.9503 
405	164   	127814     	3.83292e+07	0       	2.20924e+06	310.697	487	147	90.556  
406	164   	39.7395    	2845.71    	0       	289.348    	306.727	544	120	87.6122 
407	171   	133.565    	28080      	0       	1643.19    	305.927	482	59 	85.6137 
408	156   	61.9719    	3938.86    	0       	407.726    	313.23 	482	161	82.4141 
409	173   	31.919     	2845.71    	0       	259.326    	310.887	499	2  	84.2115 
410	176   	57.8273    	3349       	0       	366.336    	317.65 	487	140	83.0412 
411	186   	66.3262    	3268.71    	0       	415.919    	312.267	487	36 	79.299  
412	169   	23.7343    	3611.71    	0       	246.163    	312.03 	495	65 	82.8141 
413	159   	22.3162    	2541.43    	0       	195.264    	316.55 	495	124	76.6884 
414	176   	2354.76    	696350     	0       	40135.7    	322.22 	495	115	80.7182 
415	165   	28.0919    	3786.57    	0       	267.695    	312.6  	496	123	82.7977 
416	185   	38.2162    	2908.57    	0       	300.994    	318.303	496	123	80.5229 
417	162   	48.9339    	4491.17    	0       	371.684    	324.787	496	1  	81.4768 
418	163   	54.9987    	2862.43    	0       	355.19     	329.16 	524	165	69.6511 
419	161   	28.4682    	3049.86    	0       	257.563    	327.13 	492	153	70.463  
420	154   	35.0081    	2845.71    	0       	267.838    	317.343	478	149	68.479  
421	152   	45.1705    	3360.57    	0       	349.966    	312.047	469	4  	71.0163 
422	157   	80.1929    	3604.14    	0       	457.66     	317.67 	469	53 	75.8128 
423	173   	21.3357    	3120.14    	0       	238.226    	327.057	469	108	72.0378 
424	166   	45.7353    	6035.43    	0       	420.367    	324.98 	479	1  	73.6892 
425	172   	13.4033    	2509.71    	0       	150.761    	324.633	481	145	70.543  
426	155   	23.5171    	4087.86    	0       	242.835    	329.427	499	80 	71.7646 
427	180   	66.1148    	4464.29    	0       	430.192    	332.663	499	175	72.2329 
428	179   	50.2213    	4201.43    	0       	384.456    	335.59 	499	171	71.2315 
429	166   	45.5054    	2979.43    	0       	322.186    	331.533	543	105	75.9219 
430	167   	40.5072    	3266.29    	0       	332.981    	330.363	543	1  	82.5357 
431	161   	28.481     	2701       	0       	239.461    	327.27 	512	75 	76.1149 
432	169   	31.0567    	2740.71    	0       	249.308    	327.593	512	99 	73.7985 
433	174   	67.1636    	6044.43    	0       	490.34     	322.557	506	3  	73.6613 
434	182   	58.7173    	3266.29    	0       	369.757    	319.43 	514	1  	76.0252 
435	163   	51.1852    	3949.14    	0       	368.539    	322.937	527	1  	77.9217 
436	155   	40.0476    	5465.14    	0       	388.724    	326.863	527	3  	77.8062 
437	163   	41.1924    	2845.71    	0       	308.323    	326.85 	550	83 	82.3114 
438	163   	49.4195    	3230.71    	0       	344.056    	330.04 	524	58 	80.4201 
439	175   	48.5762    	3346       	0       	360.143    	320.943	524	120	79.6981 
440	184   	96.8705    	13060.6    	0       	827.508    	321.563	524	144	79.7184 
441	167   	134.254    	28080      	0       	1648.12    	322.363	530	102	81.9376 
442	168   	27.5362    	2701       	0       	248.509    	326.12 	512	173	78.9981 
443	149   	20.1195    	2745.43    	0       	215.689    	318.74 	505	173	74.9866 
444	187   	24.5759    	2912.29    	0       	237.35     	314.343	544	90 	83.028  
445	176   	2.0448e+06 	6.13434e+08	0       	3.53576e+07	322.733	539	106	83.5608 
446	160   	47.6738    	3267.43    	0       	345.764    	326.723	539	170	82.7327 
447	154   	26.21      	2541.43    	0       	234.472    	326.537	545	115	83.3088 
448	147   	27.6538    	2722.43    	0       	235.336    	333.133	509	119	78.4948 
449	141   	68.7069    	4184.29    	0       	441.381    	332.213	521	144	80.6201 
450	156   	8.78416e+15	2.63525e+18	0       	1.51892e+17	331.627	509	128	75.9247 
451	176   	2793.82    	828171     	0       	47733.7    	335.893	534	105	73.9768 
452	160   	1.63587e+08	4.90761e+10	0       	2.82868e+09	330.45 	534	165	72.5966 
453	174   	50.2394    	7214.11    	0       	503.528    	330.107	534	3  	75.1472 
454	154   	62.269     	3506.57    	0       	396.854    	338.703	523	145	71.1167 
455	156   	29.27      	2845.71    	0       	231.809    	339.767	467	128	70.3877 
456	155   	41.7467    	3998.71    	0       	338.807    	339.33 	481	165	69.8418 
457	155   	3.27226e+07	9.81677e+09	0       	5.65826e+08	332.97 	468	135	70.8055 
458	155   	14.4733    	2700.43    	0       	171.16     	330.78 	483	156	66.4843 
459	164   	21.4076    	2701       	0       	220.406    	324.523	457	61 	68.0008 
460	159   	36.1543    	2676.29    	0       	284.204    	331.49 	454	156	59.54   
461	158   	28.5746    	2718.86    	0       	237.899    	332.167	480	156	61.3876 
462	157   	38.019     	2845.71    	0       	296.544    	333.377	478	159	59.8816 
463	189   	30.3757    	2922       	0       	263.622    	332.907	482	124	62.1185 
464	179   	92.4786    	6035.29    	0       	526.488    	338.66 	453	155	59.061  
465	157   	259.503    	71719.1    	0       	4136.87    	331.87 	451	149	63.6885 
466	167   	486.827    	70858.3    	0       	5722.3     	340.88 	467	148	63.737  
467	149   	52.929     	2845.71    	0       	359.86     	345.883	471	118	64.4895 
468	184   	22.1047    	3084.25    	0       	226.907    	345.98 	474	139	60.1854 
469	177   	54.2548    	2911.71    	0       	356.402    	342.327	477	130	59.2103 
470	188   	76.6395    	3120.14    	0       	424.354    	331.91 	474	106	68.7236 
471	157   	48.7956    	3119.44    	0       	360.569    	331.52 	473	145	63.5352 
472	180   	65.1916    	3266.29    	0       	375.495    	330.71 	472	1  	63.4137 
473	147   	32.4201    	6035.29    	0       	378.74     	339.27 	486	104	57.3425 
474	162   	978.358    	289153     	0       	16666.5    	334.777	501	94 	61.7553 
475	165   	57.5238    	3421.71    	0       	367.467    	335.01 	505	165	63.8124 
476	173   	19.9012    	2509.71    	0       	188.496    	339.37 	502	149	65.197  
477	174   	23.8933    	2611.86    	0       	216.131    	335.923	502	75 	66.0207 
478	164   	600.641    	174472     	0       	10056.2    	341.02 	493	133	62.828  
479	163   	26.3037    	2979.43    	0       	235.647    	342.523	481	170	59.2612 
480	133   	864.766    	248557     	0       	14327.6    	344.853	484	179	56.8666 
481	159   	33.4231    	2701       	0       	261.279    	339.843	494	143	55.9714 
482	179   	121.463    	28080      	0       	1635.23    	344.433	494	154	55.9604 
483	152   	28.2084    	3266.29    	0       	255.696    	341.68 	494	1  	59.5616 
484	160   	21.7118    	2701       	0       	222.469    	341.06 	495	175	57.1065 
485	168   	12.9833    	2538.43    	0       	161.43     	339.89 	460	176	58.8257 
486	188   	175.909    	36866.3    	0       	2148.38    	340.203	473	113	58.8416 
487	174   	34.4358    	4141.71    	0       	315.71     	342.44 	460	1  	61.4874 
488	146   	1.11662e+10	3.34987e+12	0       	1.93082e+11	344.943	455	183	52.5823 
489	188   	59.2461    	4189.14    	0       	415.176    	346.33 	486	3  	59.8098 
490	159   	4.1919     	443.429    	0       	29.6233    	342.863	521	115	58.1537 
491	155   	10.1286    	2701       	0       	155.803    	343.883	521	172	58.8457 
492	150   	28.4142    	3022.54    	0       	259.272    	342.23 	521	172	59.0592 
493	180   	34.3755    	3181.57    	0       	291.9      	336.387	521	1  	62.4647 
494	161   	45.8285    	3122.82    	0       	334.155    	335.423	513	117	57.0362 
495	167   	40.0052    	2701       	0       	307.118    	335.4  	513	5  	64.2751 
496	178   	8060.08    	2.39207e+06	0       	137871     	336.817	513	8  	67.9802 
497	167   	18.3066    	2162       	0       	178.281    	345.243	580	116	62.5957 
498	172   	21.7485    	2847       	0       	207.572    	345.133	580	152	64.9883 
499	148   	5.25618e+08	1.57685e+11	0       	9.08879e+09	343.36 	580	182	64.0842 
500	156   	22.3256    	2701       	0       	216.263    	335.67 	576	186	67.0519 
--------------------------------------------------------------------------------

Best individual:
Required sequence: 2, 8, 20, 28, 50, 82, 126
Actual sequence:   2, 8.0, 20.0, 28.0, 50.0, 82.0, 126.0


Best algorithm: add(if_then_else(lt(n, 2), if_then_else(lt(n, 2), n, if_then_else(lt(8, 3), if_then_else(lt(n, 2), n, if_then_else(lt(n, 2), n, 9)), if_then_else(False, n, p2pow(n)))), p2pow(n)), if_then_else(lt(6, n), -2, if_then_else(lt(n, 2), n, if_then_else(lt(n, 5), if_then_else(lt(8, 3), n, if_then_else(lt(n, 3), if_then_else(lt(n, 2), n, if_then_else(lt(6, n), n, if_then_else(lt(if_then_else(lt(n, 3), n, add(add(add(3, 3), 3), p2pow(2))), 2), if_then_else(lt(n, 2), n, if_then_else(lt(6, n), if_then_else(lt(-6, 2), n, add(if_then_else(lt(n, p2pow(2)), -2, add(add(3, 3), 3)), 3)), p2pow(n))), p2pow(n)))), add(add(add(3, 3), 3), 3))), if_then_else(lt(3, 3), n, if_then_else(eq(n, -1), if_then_else(lt(n, pdiv(n, add(n, n))), n, if_then_else(lt(mul(p2pow(n), 4), 3), p2pow(n), add(if_then_else(lt(n, add(p2pow(n), 3)), -2, -2), mul(n, -5)))), add(add(add(add(add(3, 3), 3), 3), 3), 3)))))))

Success!