   	      	                  fitness                  	              size             
   	      	-------------------------------------------	-------------------------------
gen	nevals	avg    	max        	min    	std        	avg    	max	min	std    
0  	300   	3667.96	7586.29    	1278.86	517.633    	4.00667	11 	2  	2.0992 
1  	163   	3372.42	4371.33    	1278.86	486.126    	4.27333	14 	1  	2.34776
2  	161   	8526.43	1.65089e+06	1278.86	94982.9    	4.47333	14 	1  	2.38522
3  	163   	2556.76	7586.29    	597.478	897.252    	4.07   	13 	1  	1.90046
4  	155   	2100.55	24301.6    	129.143	1490.74    	3.99333	16 	1  	1.93562
5  	163   	1592.82	4966.26    	129.143	688.689    	3.83   	14 	1  	1.87468
6  	164   	1424.57	4817.62    	41.7808	736.1      	4.00333	14 	1  	2.30145
7  	161   	1938   	136599     	41.7808	8158.34    	5.09667	19 	1  	3.16659
8  	167   	1476.12	37707.9    	41.7808	3319.63    	7.03667	19 	1  	3.85858
9  	177   	5364.18	708455     	41.7808	43208.2    	9.26   	23 	1  	4.14476
10 	181   	2323.73	155953     	25.0902	12071.4    	10.8567	23 	1  	4.42901
11 	169   	4026.62	190537     	24.8575	20491.2    	12.3833	34 	3  	4.61769
12 	152   	4227.12	190537     	16.8807	22614.3    	13.3367	34 	1  	4.91155
13 	173   	4434.02	166086     	16.8807	21356.3    	14.41  	38 	1  	5.23659
14 	161   	3373.48	136599     	16.8807	15523.9    	15.35  	33 	1  	5.14207
15 	181   	8732.3 	1.61507e+06	16.8807	94077.7    	16.0033	37 	1  	5.30503
16 	163   	27714  	5.47226e+06	16.8807	328724     	17.0833	31 	1  	5.1881 
17 	161   	16133.8	1.62365e+06	16.8807	134888     	17.8067	34 	1  	5.00359
18 	174   	3976.7 	190537     	16.8807	19063      	18.7367	34 	1  	5.09516
19 	168   	8304.63	1.6257e+06 	16.8807	96223.2    	18.9067	35 	3  	4.93132
20 	160   	2566.83	188699     	16.8807	12258.6    	19.3833	39 	3  	5.19067
21 	155   	21844.9	5.48119e+06	16.8807	317168     	19.49  	46 	1  	5.70992
22 	147   	1436.62	41711.6    	16.8807	4338.9     	20.7133	47 	1  	5.35703
23 	163   	38649.7	5.47508e+06	16.8807	445559     	21.8167	47 	6  	5.3006 
24 	179   	30997.7	7.65616e+06	16.8807	443613     	22.2567	40 	2  	5.49825
25 	176   	16724.4	1.63067e+06	16.8807	140847     	22.29  	46 	1  	6.19456
26 	164   	7362.69	1.62038e+06	16.8807	93944.6    	22.8033	48 	1  	6.91698
27 	161   	6117.46	1.2419e+06 	16.8807	72208.9    	23.94  	52 	6  	7.5062 
28 	165   	1385.77	42945.2    	16.8807	5483.5     	25.4833	58 	1  	9.20632
29 	166   	2150.25	185318     	16.8807	13596.7    	27.2033	63 	2  	10.088 
30 	175   	6935.42	1.63067e+06	16.8807	94178.4    	29.8567	66 	3  	11.767 
31 	183   	1320.8 	123243     	16.8807	7396.89    	32.4867	67 	11 	13.1728
32 	158   	1389.13	123243     	16.8807	8087.81    	33.1233	76 	1  	14.1417
33 	174   	1129.92	64186.8    	16.7783	5540.11    	34.7833	99 	4  	14.7032
34 	168   	3122.79	698837     	16.8807	40380.5    	37.0433	78 	10 	14.7705
35 	153   	757.917	39599      	16.7783	3271.98    	39.2133	94 	4  	15.7099
36 	165   	717.67 	39599      	16.7783	3173.51    	37.8133	80 	10 	15.6266
37 	161   	6095.34	1.62038e+06	16.7783	93402.8    	38.2567	94 	1  	15.7666
38 	167   	758.788	41711.6    	16.7783	3118.14    	38.5833	101	1  	15.7564
39 	160   	743.181	74401.4    	16.7783	5075.05    	38.7833	94 	1  	15.2404
40 	165   	1108.31	123243     	15.8782	8262.5     	39.19  	102	11 	15.9888
41 	177   	526.927	54535.5    	15.8782	3368.17    	39.1167	109	10 	15.247 
42 	157   	200006 	5.98372e+07	15.8782	3.44891e+06	40.2067	102	12 	13.5387
43 	139   	472.138	18256.3    	15.8782	1893.18    	40.85  	115	1  	13.4351
44 	177   	1155.27	185318     	15.8782	10959.3    	43.2767	102	6  	14.998 
45 	173   	531.015	25115.9    	15.8782	2179.07    	47.8667	101	10 	16.8785
46 	155   	779.351	75192.3    	15.8782	5287.05    	53.2933	116	4  	18.5397
47 	174   	20770  	5.47508e+06	15.841 	317992     	60.1133	133	11 	18.9084
48 	145   	909.395	185325     	15.841 	10805      	61.5467	117	6  	18.5165
49 	155   	159.73 	6691.97    	14.7302	777.159    	62.9567	120	12 	18.4238
50 	158   	171.681	21111.2    	14.7302	1336.74    	65.6067	109	3  	19.4056
--------------------------------------------------------------------------------

Best individual:
Required sequence: 2, 8, 20, 28, 50, 82, 126
Actual sequence:   1.1415926535897931, 5.424777960769379, 18.991148575128552, 32.840704496667314, 55.97344572538566, 85.38937226128358, 121.08848410436111


Best algorithm: add(add(0, sub(pi, add(n, if_then_else(eq(add(if_then_else(False, add(0, sub(pi, add(if_then_else(False, mul(pi, sub(mul(n, n), abs(n))), n), if_then_else(eq(if_then_else(False, n, abs(n)), mul(mul(n, n), n)), add(sin(add(-1, n)), 0), n)))), n), add(if_then_else(False, abs(n), n), if_then_else(eq(add(if_then_else(False, sub(abs(if_then_else(True, 1, pi)), abs(n)), n), if_then_else(eq(if_then_else(False, n, n), mul(n, n)), add(sin(add(-1, n)), 0), n)), mul(n, n)), add(sin(mul(n, n)), 0), n))), mul(n, n)), neg(sin(pi)), n)))), mul(pi, sub(mul(n, n), abs(n))))

Failed!