   	      	                fitness                	              size             
   	      	---------------------------------------	-------------------------------
gen	nevals	avg     	max    	min	std    	avg    	max	min	std    
0  	300   	77.4703 	9829.65	0  	575.973	3.87333	12 	2  	1.94009
1  	159   	103.758 	21856.3	0  	1291.23	3.88667	15 	1  	2.19252
2  	163   	7.63295 	237.483	0  	18.9187	3.90333	15 	1  	2.49412
3  	186   	5.45161 	121    	0  	18.7548	4.43333	16 	1  	3.2237 
4  	167   	50.7965 	11865.4	0  	686.774	4.66   	15 	1  	3.48966
5  	166   	35.996  	9829.65	0  	566.536	5.10667	23 	1  	4.05487
6  	159   	7.74981 	1446   	0  	83.9371	5.25333	18 	1  	4.19156
7  	188   	4.56595 	102    	0  	17.7693	5.1    	18 	1  	3.87427
8  	179   	11.2169 	1446   	0  	95.9701	5.08667	18 	1  	3.99072
9  	174   	6.29086 	798    	0  	47.8823	4.95   	17 	1  	3.78781
10 	153   	2.63677 	251.675	0  	16.683 	4.5    	16 	1  	3.58655
11 	173   	8.27768 	1907.33	0  	110.149	5.1    	17 	1  	4.13401
12 	157   	2.34884 	97.4091	0  	10.0514	5.14667	18 	1  	4.02225
13 	164   	3.25981 	102    	0  	14.009 	4.99667	25 	1  	3.84924
14 	147   	1.70059 	116.954	0  	9.0174 	4.47667	18 	1  	3.32608
15 	165   	1.85572 	102    	0  	9.14595	4.66333	18 	1  	3.66469
16 	158   	36.2797 	9829.65	0  	566.579	5.31667	24 	1  	4.14283
17 	150   	1.35567 	131.318	0  	8.76764	4.91333	18 	1  	3.74955
18 	183   	6.28703 	798    	0  	61.6033	4.97333	18 	1  	3.64042
19 	149   	2.03008 	102    	0  	9.79333	5.42333	18 	1  	3.76707
20 	180   	360.58  	103637 	0  	5976.57	5.25333	20 	1  	3.8733 
21 	164   	2.25979 	102    	0  	10.4713	5.27   	22 	1  	3.951  
22 	170   	2.48723 	404.593	0  	23.7843	5.26333	22 	1  	4.13207
23 	171   	1.58008 	102    	0  	7.84684	4.95333	22 	1  	3.59321
24 	148   	1.60272 	102    	0  	8.18099	4.70667	21 	1  	3.5488 
25 	156   	1.34031 	63.6439	0  	6.36867	4.74333	29 	1  	3.80755
26 	172   	1.77833 	102    	0  	8.28889	5.11667	21 	1  	3.63818
27 	191   	2.36395 	102    	0  	9.89132	5.02   	19 	1  	3.66419
28 	173   	1.01792 	25.5   	0  	4.58079	5.54333	21 	1  	3.85073
29 	164   	1.53206 	102    	0  	8.44424	5.61667	21 	1  	3.5199 
30 	142   	1.31171 	66.2712	0  	6.38446	5.37333	21 	1  	3.42938
31 	128   	0.653373	25.5   	0  	3.77343	5.72   	24 	1  	3.64348
32 	172   	0.947318	63.6439	0  	5.15819	5.72   	24 	1  	3.78967
33 	170   	1.22176 	35.5   	0  	5.183  	5.77333	24 	1  	3.8508 
34 	162   	2.13739 	116.954	0  	10.3204	6.09333	24 	1  	4.23611
35 	168   	1.41481 	63.6439	0  	6.75917	6.41   	24 	1  	4.57696
36 	144   	1.44733 	116.954	0  	8.10298	7.00667	26 	1  	5.35412
37 	176   	3.98986 	798    	0  	46.6369	7.47667	28 	1  	6.16031
38 	160   	9.10643 	798    	0  	79.4597	8.11667	32 	1  	6.58152
39 	176   	0.629386	28.4661	0  	3.72866	8.46   	31 	1  	6.77902
40 	156   	4.14091 	946.148	0  	54.9158	8.46333	34 	1  	7.03766
41 	179   	2.20149 	102    	0  	11.0171	8.68333	31 	1  	6.57138
42 	154   	18.8711 	5059.5 	0  	291.647	8.78333	31 	1  	6.6199 
43 	157   	4.99706 	798    	0  	52.4966	9.30667	31 	1  	6.64525
44 	164   	1.28143 	102    	0  	7.29928	9.41   	35 	1  	7.34497
45 	150   	1.69303 	116.954	0  	9.66555	9.64667	41 	1  	7.14016
46 	155   	1.72622 	63.6439	0  	8.46887	9.16   	41 	1  	6.91624
47 	146   	1.4238  	105.163	0  	9.772  	9.84667	35 	1  	7.49154
48 	161   	0.616493	35.5   	0  	3.67199	10.0933	35 	1  	7.75573
49 	163   	0.788913	102    	0  	6.68601	10.9767	41 	1  	8.26294
50 	156   	0.418631	25.5   	0  	2.62385	10.79  	41 	1  	8.40947
--------------------------------------------------------------------------------

Best individual:
Required sequence: 1, 2, 3, 4, 5, 6, 7, 8, 9, 10, 11, 12, 13, 14, 15, 16, 17, 18, 19, 20, 21, 22, 23, 24, 25, 26, 27, 28, 29, 30, 31, 32, 33, 34, 35, 36, 37, 38, 39, 40, 41, 42, 43, 44, 45, 46, 47, 48, 49, 50, 51, 52, 53, 54, 55, 56, 57, 58, 59, 60, 61, 62, 63, 64, 65, 66, 67, 68, 69, 70, 71, 72, 73, 74, 75, 76, 77
Actual sequence:   1, 2, 3, 4, 5, 6, 7, 8, 9, 10, 11, 12, 13, 14, 15, 16, 17, 18, 19, 20, 21, 22, 23, 24, 25, 26, 27, 28, 29, 30, 31, 32, 33, 34, 35, 36, 37, 38, 39, 40, 41, 42, 43, 44, 45, 46, 47, 48, 49, 50, 51, 52, 53, 54, 55, 56, 57, 58, 59, 60, 61, 62, 63, 64, 65, 66, 67, 68, 69, 70, 71, 72, 73, 74, 75, 76, 77


Best algorithm: mul(n, 1)

Success!