   	      	                          fitness                          	              size             
   	      	-----------------------------------------------------------	-------------------------------
gen	nevals	avg        	max        	min      	std        	avg    	max	min	std    
0  	300   	9.24004e+30	2.11393e+33	119.857  	1.27491e+32	3.21667	7  	2  	1.29218
1  	167   	1.32979e+08	3.98782e+10	77.7143  	2.29852e+09	3.36   	8  	1  	1.46642
2  	159   	4.52833e+06	6.13054e+08	77.7143  	5.04239e+07	3.52333	9  	1  	1.45698
3  	158   	2.72281e+08	3.98782e+10	59.1475  	3.24522e+09	3.49   	8  	1  	1.36011
4  	149   	3.94913e+08	3.98782e+10	59.1475  	3.73937e+09	3.50333	9  	2  	1.44798
5  	174   	1.12932e+29	3.38797e+31	59.1475  	1.95278e+30	3.54333	9  	1  	1.49269
6  	149   	2.27499e+07	6.13129e+08	58.8571  	1.15215e+08	3.61667	9  	1  	1.40821
7  	160   	2.24971e+07	6.13129e+08	58.8571  	1.1522e+08 	4.11333	9  	1  	1.36155
8  	174   	2.08459e+23	6.25376e+25	58.8571  	3.60459e+24	4.5    	10 	1  	1.35769
9  	180   	2.86207e+07	6.13239e+08	58.8571  	1.29323e+08	4.65333	9  	1  	1.15751
10 	186   	6.36261e+09	1.90008e+12	58.8571  	1.09516e+11	4.93   	11 	1  	1.36324
11 	172   	2.24915e+07	6.13351e+08	57.0656  	1.15239e+08	5.20667	9  	1  	1.40616
12 	171   	1.47109e+07	6.13351e+08	57.0656  	9.25886e+07	5.55   	11 	1  	1.53867
13 	162   	1.86905e+07	6.13351e+08	55.4286  	1.04606e+08	5.95   	11 	1  	1.46771
14 	164   	1.29493e+07	6.13458e+08	55.4286  	8.59081e+07	6.38   	15 	1  	1.6214 
15 	160   	1.89332e+07	6.13351e+08	55.4286  	1.0461e+08 	6.36333	13 	1  	1.41114
16 	144   	2.12558e+07	2.61275e+09	55.4286  	1.72729e+08	6.48333	15 	1  	1.46846
17 	161   	2.08459e+23	6.25376e+25	55.4286  	3.60459e+24	6.77333	13 	3  	1.44751
18 	191   	2.08459e+23	6.25376e+25	55.4286  	3.60459e+24	6.71667	12 	1  	1.51538
19 	164   	6.34237e+09	1.90023e+12	55.4286  	1.09526e+11	6.93333	15 	1  	1.56915
20 	171   	1.85747e+16	5.57241e+18	55.4286  	3.21186e+17	7.27   	14 	1  	1.79549
21 	166   	4.16917e+23	6.25376e+25	55.4286  	5.08912e+24	7.29333	16 	1  	1.85309
22 	163   	1.04229e+24	6.25376e+25	55.4286  	8.00601e+24	7.33667	14 	1  	1.75023
23 	157   	6.25376e+23	6.25376e+25	55.4286  	6.22241e+24	7.20333	15 	1  	1.64377
24 	175   	4.16917e+23	6.25376e+25	55.4286  	5.08912e+24	7.22333	14 	1  	1.69513
25 	172   	8.33835e+23	6.25376e+25	55.4286  	7.17292e+24	7.24   	13 	1  	1.76136
26 	171   	4.16917e+23	6.25376e+25	55.4286  	5.08912e+24	7.24667	13 	1  	1.61632
27 	169   	4.16917e+23	6.25376e+25	55.4286  	5.08912e+24	7.12   	11 	1  	1.4716 
28 	160   	6.25376e+23	6.25376e+25	55.4286  	6.22241e+24	7.17333	16 	1  	1.72336
29 	174   	4.93251e+31	1.47975e+34	55.4286  	8.52911e+32	7.20667	13 	2  	1.51348
30 	161   	6.25376e+23	6.25376e+25	55.4286  	6.22241e+24	7.19   	12 	2  	1.43547
31 	175   	1.04229e+24	6.25376e+25	55.125   	8.00601e+24	7.22   	13 	1  	1.6608 
32 	153   	1.25076e+24	6.25376e+25	55.125   	8.75526e+24	7.20333	18 	1  	1.66593
33 	139   	7.04644e+30	2.11393e+33	55.125   	1.21844e+32	7.35   	14 	2  	1.67755
34 	154   	5.57241e+16	5.57241e+18	54.1225  	5.54447e+17	7.42   	14 	1  	1.68827
35 	171   	1.25076e+24	6.25376e+25	55.125   	8.75526e+24	7.43667	14 	1  	1.79796
36 	166   	8.33835e+23	6.25376e+25	55.1199  	7.17292e+24	7.58   	15 	4  	1.89128
37 	169   	4.16917e+23	6.25376e+25	55.1199  	5.08912e+24	7.51333	14 	1  	2.05827
38 	177   	6.25376e+23	6.25376e+25	54.8571  	6.22241e+24	7.74   	15 	1  	2.27429
39 	159   	4.16917e+23	6.25376e+25	54.1225  	5.08912e+24	7.69   	16 	1  	2.33393
40 	162   	8.33835e+23	6.25376e+25	54.1225  	7.17292e+24	8.08   	18 	1  	2.66088
41 	137   	2.08459e+23	6.25376e+25	54.1225  	3.60459e+24	8.35333	16 	1  	2.39899
42 	153   	8.33835e+23	6.25376e+25	54.1225  	7.17292e+24	8.79   	21 	1  	2.77835
43 	164   	7.04644e+30	2.11393e+33	54.1225  	1.21844e+32	9.32   	23 	2  	3.04263
44 	162   	1.10023e+14	3.3007e+16 	54.1225  	1.90248e+15	9.46333	19 	1  	2.87669
45 	171   	2.08459e+23	6.25376e+25	54.1225  	3.60459e+24	9.60667	18 	1  	2.83172
46 	185   	1.35043e+08	3.98787e+10	54.1225  	2.29871e+09	9.69667	18 	1  	3.08836
47 	151   	2.6684e+07 	4.29433e+09	54.1225  	2.6131e+08 	9.67667	23 	2  	2.94258
48 	153   	6.87794e+06	6.13367e+08	54.1225  	6.20585e+07	9.55333	23 	1  	3.20008
49 	171   	6.21752e+06	6.13367e+08	54.1225  	6.10158e+07	9.29667	23 	1  	3.06191
50 	142   	6.17452e+06	6.13367e+08	54.1225  	6.1008e+07 	9.44   	26 	2  	3.32261
51 	183   	2.25397e+07	6.13367e+08	54.1225  	1.15245e+08	9.20667	23 	1  	2.87123
52 	190   	1.63978e+07	6.13367e+08	54.1225  	9.87905e+07	9.25667	23 	1  	2.62376
53 	150   	8.23313e+06	6.13367e+08	54.1225  	7.03316e+07	9.22333	23 	1  	2.51664
54 	159   	1.02828e+07	6.13367e+08	54.1225  	7.85045e+07	9.24667	26 	1  	2.70169
55 	165   	4.1326e+06 	6.1322e+08 	54.1225  	4.98997e+07	9.3    	20 	3  	2.27083
56 	182   	2.73565e+07	2.61792e+09	54.1225  	1.82708e+08	9.21   	18 	1  	2.46155
57 	181   	6.36196e+06	6.13426e+08	54.1225  	6.1046e+07 	9.37   	18 	1  	2.51391
58 	160   	1.64107e+07	2.45356e+09	54.1225  	1.57516e+08	9.43667	18 	1  	2.52969
59 	167   	6.1649e+06 	6.13292e+08	54.1225  	6.1014e+07 	9.46667	19 	2  	2.49176
60 	171   	1.23202e+07	6.15499e+08	54.1225  	8.5915e+07 	9.39667	19 	1  	2.6632 
61 	151   	1.64096e+07	6.13367e+08	54.1225  	9.87987e+07	9.86667	20 	1  	2.59658
62 	156   	1.43431e+07	6.13367e+08	54.1225  	9.25729e+07	9.57667	24 	3  	2.74058
63 	132   	6.14357e+06	6.1322e+08 	54.1225  	6.10137e+07	9.67667	23 	1  	2.88654
64 	159   	1.23252e+07	2.45356e+09	54.1225  	1.49742e+08	9.46333	21 	3  	2.54728
65 	160   	8.3106e+06 	6.5195e+08 	54.1225  	7.14795e+07	9.42333	20 	1  	2.44761
66 	170   	6.18043e+06	6.13367e+08	54.1225  	6.10188e+07	9.52   	20 	1  	2.83012
67 	163   	2.75761e+06	6.1322e+08 	48.4941  	3.72191e+07	9.64333	21 	2  	2.941  
68 	150   	2.1936e+30 	6.58079e+32	48.4941  	3.79308e+31	9.86   	19 	4  	2.54566
69 	155   	6.14724e+06	6.13367e+08	48.4941  	6.10238e+07	9.55   	17 	1  	2.58473
70 	160   	8.34186e+06	6.5195e+08 	48.4941  	7.14767e+07	9.65667	19 	1  	2.64552
71 	165   	1.38914e+07	1.62538e+09	48.4941  	1.1679e+08 	9.79667	19 	1  	2.81934
72 	178   	2.08459e+23	6.25376e+25	48.4941  	3.60459e+24	9.94333	20 	1  	2.91206
73 	167   	3.61918e+18	1.08575e+21	46.565   	6.25815e+19	9.85   	21 	1  	3.08882
74 	191   	8.41387e+06	6.51789e+08	46.565   	7.14674e+07	9.97333	22 	1  	3.56548
75 	158   	2.25487e+07	2.4533e+09 	46.565   	1.8297e+08 	10.29  	23 	2  	3.45049
76 	163   	1.43343e+07	6.13504e+08	41.0582  	9.25784e+07	10.8   	25 	1  	3.38132
77 	162   	3.61918e+18	1.08575e+21	41.0582  	6.25815e+19	11.31  	26 	1  	3.58523
78 	148   	4.13365e+06	6.13367e+08	41.0582  	4.99039e+07	11.8267	27 	3  	3.73942
79 	146   	6.8642e+06 	6.13426e+08	41.0582  	6.2059e+07 	11.9567	23 	1  	3.58815
80 	165   	6.168e+06  	6.13631e+08	41.0582  	6.10314e+07	12.51  	24 	3  	3.47514
81 	162   	6.18285e+06	6.13381e+08	41.0582  	6.10223e+07	12.77  	27 	1  	3.73235
82 	174   	8.30283e+06	6.13458e+08	39.3282  	7.03728e+07	13.11  	30 	3  	3.68753
83 	187   	4.10915e+06	6.13381e+08	35.1841  	4.9908e+07 	13.6567	26 	1  	4.09131
84 	154   	6.15531e+06	6.134e+08  	25.6668  	6.10296e+07	14.5967	33 	1  	4.87722
85 	172   	6.13472e+06	6.13381e+08	25.6668  	6.10265e+07	15.91  	37 	2  	5.72497
86 	161   	4.1205e+06 	6.13307e+08	24.0138  	4.99051e+07	17.3633	42 	1  	6.23683
87 	188   	2.08459e+23	6.25376e+25	17.0384  	3.60459e+24	18.6233	43 	1  	7.14806
88 	167   	4.12036e+06	6.13424e+08	17.0384  	4.99059e+07	20.2833	42 	1  	7.34505
89 	179   	595796     	1.55749e+08	17.0384  	9.01141e+06	21.8367	64 	1  	7.3564 
90 	160   	4.35322e+06	6.13367e+08	17.0384  	4.99981e+07	22.8367	50 	4  	7.63872
91 	160   	4.10464e+07	9.85409e+09	17.0384  	5.84892e+08	24.4733	59 	4  	9.43977
92 	172   	1.68404e+08	3.98875e+10	13.1357  	2.36807e+09	26.7767	67 	1  	10.1568
93 	158   	5.72098e+06	1.62506e+09	13.1357  	9.37063e+07	24.6767	62 	4  	9.80538
94 	152   	4.24966e+06	6.13382e+08	8.92872  	4.99782e+07	24.02  	56 	1  	8.68176
95 	198   	1.35108e+08	3.98807e+10	8.92872  	2.29882e+09	24.2667	53 	1  	8.43261
96 	161   	4692.57    	1.02989e+06	8.03228  	59778.6    	24.4767	55 	2  	9.36925
97 	164   	2.11165e+07	3.06756e+09	8.03228  	2.34199e+08	25.7933	52 	3  	8.8112 
98 	183   	1.37281e+08	3.99189e+10	6.22161  	2.30117e+09	26.39  	55 	1  	10.3359
99 	142   	2.56453e+06	6.13361e+08	6.22161  	3.6447e+07 	26.9867	58 	4  	9.18984
100	157   	2.75832e+06	8.25917e+08	6.22161  	4.76045e+07	27.5367	63 	4  	9.34534
101	167   	1.33757e+08	3.93063e+10	6.22161  	2.26571e+09	29.0133	64 	4  	9.46149
102	168   	8.82261e+06	2.60826e+09	5.53105  	1.50346e+08	29.18  	62 	4  	10.4694
103	155   	2.04731e+06	6.13449e+08	5.53105  	3.53583e+07	30.3   	68 	4  	9.72608
104	169   	2.11877e+24	5.73095e+26	5.53105  	3.32165e+25	31.3333	60 	1  	10.41  
105	162   	2.27725e+06	6.13497e+08	4.30639  	3.54366e+07	31.5567	77 	4  	9.95725
106	188   	3.47722e+07	2.45639e+09	4.30639  	2.83498e+08	30.7467	63 	1  	9.56744
107	160   	1.22784e+07	2.45186e+09	4.30639  	1.49654e+08	31.0367	68 	2  	8.63338
108	181   	1.82178e+08	3.92767e+10	3.32945  	2.33969e+09	31.3033	64 	2  	9.77401
109	178   	4.9128e+07 	9.81645e+09	3.32945  	5.9928e+08 	31.17  	65 	1  	10.1029
110	182   	2.14719e+08	4.17219e+10	3.32945  	2.53367e+09	31.22  	62 	1  	9.58879
111	160   	8.73509e+06	2.46276e+09	3.32945  	1.42203e+08	31.6667	75 	1  	8.95631
112	172   	8.20542e+06	2.45194e+09	3.32945  	1.41325e+08	31.7767	75 	4  	8.32827
113	159   	7.04644e+30	2.11393e+33	3.32945  	1.21844e+32	31.1233	57 	2  	7.57153
114	180   	1.52027e+08	3.92768e+10	3.32945  	2.27197e+09	31.5067	71 	4  	8.03305
115	149   	4.91087e+07	9.81628e+09	3.32945  	5.86514e+08	30.83  	66 	3  	7.99215
116	167   	4.70874e+07	9.81884e+09	2.14496  	5.85753e+08	31.0133	61 	4  	8.81815
117	165   	3.2731e+07 	9.81649e+09	2.14496  	5.6581e+08 	30.3467	77 	2  	8.49744
118	177   	4.14562e+07	9.81879e+09	2.14496  	5.83055e+08	29.86  	65 	3  	8.7514 
119	172   	6.40292e+07	1.41205e+10	3.32945  	8.37184e+08	29.5467	63 	4  	8.46805
120	174   	9.54429e+07	9.81665e+09	2.14496  	8.2819e+08 	28.7033	57 	4  	8.65729
121	179   	6.95546e+07	9.81665e+09	3.32945  	8.0007e+08 	27.9733	57 	1  	8.05394
122	164   	2.81947e+06	6.13442e+08	3.32945  	3.66697e+07	28.5933	55 	1  	6.58898
123	175   	2.40873e+07	2.46354e+09	3.32945  	2.09097e+08	28.6167	57 	4  	8.78804
124	169   	8.70513e+06	2.45175e+09	3.32945  	1.41561e+08	28.58  	67 	2  	8.03639
125	186   	4.97253e+07	9.85737e+09	3.32945  	6.01344e+08	28.8633	57 	4  	8.21612
126	147   	6.78415e+07	9.8162e+09 	3.32945  	7.99049e+08	28.8767	68 	1  	6.74548
127	147   	3.67988e+07	9.80723e+09	3.32945  	5.6641e+08 	28.9067	56 	2  	6.85696
128	167   	9.295e+06  	2.45397e+09	3.32945  	1.41937e+08	28.7467	54 	4  	6.8388 
129	152   	6.27051e+06	6.13395e+08	3.32945  	6.1058e+07 	28.7733	58 	4  	6.10753
130	188   	9.20898e+06	2.4512e+09 	2.14496  	1.41777e+08	28.7067	57 	4  	8.43251
131	154   	1.13803e+08	9.81628e+09	2.14496  	9.90123e+08	28.6667	54 	2  	7.20201
132	162   	69867.7    	1.70141e+07	2.14496  	1.00278e+06	28.8633	56 	1  	7.44925
133	164   	3.47629e+07	9.8152e+09 	2.14496  	5.66722e+08	28.6133	55 	1  	7.04347
134	153   	1.48564e+07	2.46143e+09	2.14496  	1.54293e+08	28.5533	54 	2  	7.24388
135	179   	2.55894e+06	6.13442e+08	2.14496  	3.64213e+07	28.9767	62 	4  	7.70948
136	164   	3.68121e+07	9.81665e+09	2.14496  	5.67781e+08	28.6833	62 	2  	7.66658
137	151   	2.8656e+07 	2.4638e+09 	2.14496  	2.49125e+08	28.41  	54 	1  	8.10608
138	179   	1.29356e+07	2.46139e+09	2.14496  	1.50399e+08	28.4033	57 	1  	7.59214
139	165   	8.25108e+06	2.46354e+09	2.14496  	1.41994e+08	29.03  	58 	4  	7.69691
140	169   	2.91729e+07	2.46361e+09	2.14496  	2.4917e+08 	28.6733	60 	1  	8.57166
141	160   	1.28061e+07	2.46145e+09	2.14496  	1.50393e+08	28.6233	56 	4  	6.91964
142	165   	1.49711e+08	4.17304e+10	2.14496  	2.40915e+09	28.6233	62 	4  	7.69295
143	186   	7.58041e+07	9.81628e+09	2.14496  	8.11162e+08	29.06  	52 	2  	6.67905
144	160   	2.08459e+23	6.25376e+25	2.14496  	3.60459e+24	28.71  	56 	1  	7.9288 
145	191   	7.04644e+30	2.11393e+33	2.14496  	1.21844e+32	28.8833	56 	2  	8.2682 
146	154   	1.41139e+08	4.17252e+10	1.89314  	2.40513e+09	29.06  	55 	1  	7.26015
147	192   	1.07155e+07	2.45393e+09	1.89314  	1.45729e+08	29.6033	55 	5  	6.76407
148	176   	2.30312e+06	6.13291e+08	1.89314  	3.54746e+07	29.11  	58 	3  	8.5349 
149	164   	7.0465e+30 	2.11395e+33	1.89314  	1.21845e+32	29.1833	58 	4  	7.80233
150	154   	8.31723e+06	2.45415e+09	1.89314  	1.41464e+08	29.31  	58 	1  	7.04608
151	157   	13118      	3.69874e+06	1.89314  	213203     	29.99  	73 	4  	7.46837
152	158   	1.4979e+08 	4.17319e+10	1.89314  	2.40916e+09	30.1333	62 	1  	9.70922
153	170   	1.02579e+07	2.45397e+09	1.89314  	1.45675e+08	30.0133	57 	2  	8.48802
154	166   	1.22747e+07	2.45187e+09	1.89314  	1.49654e+08	30.2567	59 	2  	8.33531
155	156   	1.45477e+08	4.1725e+10 	1.89314  	2.40538e+09	30.2   	58 	2  	8.70249
156	168   	1.47308e+08	4.17305e+10	1.89314  	2.40898e+09	30.41  	58 	2  	7.70077
157	150   	1.02183e+07	2.45187e+09	1.89314  	1.45563e+08	30.2033	58 	4  	7.02201
158	155   	1.74947e+08	3.98905e+10	1.89314  	2.40323e+09	30.4467	58 	3  	7.43105
159	188   	8.20976e+07	1.22729e+10	1.89314  	9.98705e+08	30.6567	62 	3  	9.64981
160	145   	4.29772e+07	1.22689e+10	1.89314  	7.07928e+08	30.1533	59 	1  	8.17984
161	163   	196369     	5.87929e+07	1.89314  	3.38873e+06	30.6233	57 	4  	7.39018
162	175   	674029     	1.91668e+08	1.89314  	1.10597e+07	30.74  	58 	1  	8.66559
163	156   	2.08864e+06	6.13288e+08	1.89314  	3.53517e+07	30.74  	58 	3  	7.76654
164	178   	2.05708e+06	6.13318e+08	1.89314  	3.53507e+07	30.6767	70 	1  	7.88493
165	168   	8.76562e+06	2.45404e+09	1.89314  	1.41724e+08	30.74  	58 	1  	9.02473
166	193   	14960.4    	3.6993e+06 	1.89314  	216258     	31.17  	73 	3  	8.89276
167	140   	4.10897e+06	6.13518e+08	1.89314  	4.99219e+07	30.8333	62 	1  	6.42538
168	166   	6.33407e+09	1.90022e+12	1.89314  	1.09526e+11	30.66  	59 	4  	6.81257
169	164   	646439     	1.53315e+08	1.89314  	9.10424e+06	30.38  	59 	1  	7.38527
170	159   	4.29665e+07	1.22728e+10	1.89314  	7.08154e+08	30.7367	59 	1  	7.71885
171	160   	4.17361e+06	6.13369e+08	1.89314  	4.99152e+07	30.64  	60 	3  	7.20951
172	158   	2.47953e+07	2.45404e+09	1.89314  	2.44104e+08	30.33  	59 	3  	6.93453
173	178   	1.03504e+07	2.45187e+09	1.89314  	1.4556e+08 	30.3067	59 	1  	8.46203
174	183   	1.37059e+08	3.98908e+10	1.89314  	2.29956e+09	30.2033	78 	2  	9.41428
175	170   	3.06581e+06	6.13434e+08	1.89314  	3.74319e+07	30.84  	81 	4  	7.71067
176	142   	1.02594e+07	2.45404e+09	1.89314  	1.45685e+08	30.3633	63 	4  	6.75065
177	166   	2.80552e+06	6.13434e+08	1.89314  	3.6545e+07 	30.5967	64 	1  	7.41085
178	162   	3.61918e+18	1.08575e+21	1.89314  	6.25815e+19	30.65  	57 	1  	8.24505
179	176   	1.85994e+07	2.49232e+09	1.89314  	2.04175e+08	30.8733	58 	1  	9.35364
180	176   	7.04644e+30	2.11393e+33	1.89314  	1.21844e+32	31.0667	61 	4  	7.59488
181	163   	1.37058e+08	3.98903e+10	1.89314  	2.29953e+09	31.03  	61 	4  	7.62643
182	173   	2.1936e+30 	6.58079e+32	1.89314  	3.79308e+31	31.0567	57 	4  	6.39167
183	160   	1.34028e+24	4.02085e+26	1.89314  	2.31757e+25	31.1933	60 	4  	6.45053
184	176   	5.73293e+07	1.22729e+10	1.89314  	7.238e+08  	30.8667	60 	2  	8.50033
185	170   	4.70546e+07	1.22722e+10	1.89314  	7.09629e+08	31.0067	61 	4  	8.96474
186	176   	2.04926e+06	6.13434e+08	1.73153  	3.53574e+07	30.4067	58 	1  	9.18411
187	190   	1.02254e+07	2.45396e+09	1.73153  	1.45679e+08	30.6767	82 	2  	8.33539
188	182   	2.08459e+23	6.25376e+25	1.73153  	3.60459e+24	30.59  	59 	4  	7.86269
189	160   	672247     	1.91175e+08	1.73153  	1.10326e+07	30.7067	61 	1  	9.81499
190	163   	12901.8    	3.6993e+06 	1.73153  	213215     	31.1   	65 	3  	8.61646
191	175   	4.9682e+07 	1.22729e+10	1.73153  	7.20946e+08	31.6133	67 	4  	10.3398
192	170   	4.1618e+06 	6.13432e+08	1.73153  	4.99192e+07	31.4467	64 	1  	9.2589 
193	174   	1.29224e+07	2.45404e+09	1.73153  	1.50127e+08	31.9033	64 	1  	8.47982
194	150   	1.56746e+08	4.17317e+10	1.73153  	2.41266e+09	32.11  	64 	1  	8.92774
195	187   	2.7787e+06 	6.13291e+08	1.73153  	3.65361e+07	32.0367	59 	4  	7.82871
196	158   	1.70803e+07	2.66837e+09	1.73152  	2.08521e+08	32.4867	64 	4  	8.29396
197	177   	6.02862e+07	1.22736e+10	1.06349  	7.37251e+08	33.38  	66 	1  	10.5708
198	161   	1.23199e+07	2.45175e+09	1.06349  	1.49586e+08	35.1733	70 	6  	9.27955
199	190   	3.8678e+10 	1.16034e+13	1.06349  	6.68804e+11	35.6367	73 	2  	11.2035
200	155   	1.51009e+07	2.45396e+09	1.06349  	1.54251e+08	36.5967	75 	1  	10.483 
201	150   	1.47407e+08	4.17235e+10	1.04771  	2.4087e+09 	36.94  	88 	2  	10.7271
202	167   	2.05823e+06	6.13426e+08	0.977479 	3.5357e+07 	38.6167	86 	4  	12.5421
203	175   	2.17524e+06	6.13571e+08	0.977479 	3.5429e+07 	41.3033	114	4  	13.3098
204	168   	8.17297e+06	2.45175e+09	0.977479 	1.41316e+08	43.9   	88 	4  	14.2261
205	163   	4.36533e+07	9.81759e+09	0.977479 	5.83797e+08	48.51  	96 	1  	15.0383
206	159   	2.04303e+06	6.11169e+08	0.912228 	3.52268e+07	52.1667	98 	2  	17.1246
207	158   	2.82297e+07	7.23391e+09	0.833933 	4.19684e+08	55.0267	93 	1  	16.5594
208	167   	4.11249e+07	9.81755e+09	0.833933 	5.8279e+08 	57.5967	122	1  	16.6471
209	155   	8.18111e+06	2.45428e+09	0.809458 	1.41462e+08	60.7767	118	2  	15.9887
210	187   	1.14829e+11	3.44369e+13	0.809458 	1.9849e+12 	61.88  	120	1  	18.9441
211	166   	6.44548e+30	1.93364e+33	0.696682 	1.11453e+32	62.1167	107	3  	15.6705
212	165   	1.3298e+08 	3.98912e+10	0.696682 	2.29928e+09	64.3767	119	6  	14.8005
213	168   	2.04869e+06	6.13293e+08	0.696682 	3.53492e+07	65.7567	114	6  	16.3773
214	155   	8.17246e+06	2.45171e+09	0.696682 	1.41314e+08	67.04  	139	5  	16.5762
215	165   	310.785    	49937      	0.696682 	3040.21    	68.4233	100	6  	15.0359
216	168   	4118.39    	1.2051e+06 	0.696682 	69458      	68.0867	103	4  	17.7679
217	156   	8432.36    	1.87801e+06	0.696682 	113899     	69.8367	139	4  	18.1105
218	157   	2.31627e+06	6.92408e+08	0.668303 	3.99093e+07	73.1167	137	1  	18.1601
219	169   	6.54359e+07	1.96295e+10	0.668303 	1.13142e+09	77.1233	160	4  	16.4289
220	142   	2.05184e+06	6.11185e+08	0.668303 	3.52277e+07	78.34  	132	3  	13.4941
221	159   	944.168    	188059     	0.668303 	11239.9    	78.8833	143	3  	14.6984
222	158   	32130.6    	9.56976e+06	0.668303 	551583     	79.56  	151	7  	15.8472
223	155   	159.808    	9940.96    	0.668303 	845.834    	80.7133	159	1  	11.9194
224	166   	8.18093e+06	2.45424e+09	0.668303 	1.41459e+08	79.7033	140	3  	14.4438
225	163   	13522.2    	3.9073e+06 	0.668303 	225241     	78.6567	127	3  	14.3238
226	145   	1.83981e+07	2.45424e+09	0.668303 	2.02564e+08	78.8533	124	4  	12.2884
227	160   	94.205     	6393.36    	0.668303 	562.805    	78.9033	138	21 	11.9836
228	177   	153.039    	9112.94    	0.667878 	803.821    	78.43  	151	5  	15.0824
229	164   	4.37913e+30	1.31374e+33	0.667878 	7.57222e+31	78.1733	129	6  	13.5861
230	152   	91.6246    	6393.36    	0.667878 	552.942    	78.65  	110	4  	13.4331
231	173   	10208.2    	3.01256e+06	0.667878 	173632     	78.3333	137	2  	14.1309
232	174   	486.798    	113165     	0.667878 	6539.04    	77.9067	132	4  	14.5544
233	182   	4.0893e+07 	9.80747e+09	0.667878 	5.82227e+08	78.34  	155	4  	15.9728
234	165   	292.783    	66859.1    	0.667878 	3880.02    	78.1867	158	3  	15.9511
235	163   	77.8096    	8888.75    	0.667878 	593.396    	78.3533	145	6  	16.0865
236	174   	5642.45    	1.61319e+06	0.665624 	93003.7    	78.8733	126	4  	14.283 
237	160   	3.48922e+07	9.8075e+09 	0.667878 	5.66274e+08	79.9233	133	4  	13.9211
238	154   	6.57188e+07	9.81769e+09	0.667878 	7.98919e+08	80.3233	160	5  	15.2394
239	170   	16394.4    	2.42057e+06	0.667878 	194725     	81.24  	139	5  	15.165 
240	154   	643.291    	86783      	0.667878 	6172.71    	81.5133	160	4  	15.4444
241	166   	18250.8    	2.40769e+06	0.667878 	198525     	80.69  	134	2  	16.6625
242	191   	1.00226e+06	2.07818e+08	0.667878 	1.24001e+07	82.0633	133	1  	13.9406
243	157   	150528     	4.02115e+07	0.665571 	2.32502e+06	80.8133	129	4  	15.7416
244	156   	24077.9    	2.40127e+06	0.667878 	238662     	81.7733	116	8  	13.53  
245	164   	2.18148e+06	6.11166e+08	0.667878 	3.52952e+07	81.0033	135	7  	15.1568
246	147   	96.2569    	3490.8     	0.667878 	501.767    	81.5867	136	1  	15.0107
247	177   	4.81197e+06	6.13536e+08	0.667878 	5.12782e+07	81.2767	136	1  	15.4087
248	168   	1.02276e+07	2.4519e+09 	0.667878 	1.45563e+08	82.26  	143	6  	14.342 
249	137   	44609.8    	3.71224e+06	0.667878 	346600     	82.4167	118	4  	12.1944
250	167   	159981     	3.82988e+07	0.667878 	2.2225e+06 	82.5233	105	2  	12.4468
251	167   	3.27532e+07	9.81709e+09	0.629677 	5.65843e+08	82.1033	138	6  	13.7191
252	147   	167869     	4.02066e+07	0.659586 	2.33199e+06	82.0867	141	1  	17.2126
253	148   	1.03786e+07	2.45424e+09	0.667878 	1.45706e+08	82.59  	136	4  	14.3686
254	155   	3.274e+07  	9.81709e+09	0.667878 	5.65844e+08	82.6767	127	4  	14.2828
255	153   	1.541e+30  	4.62301e+32	0.667878 	2.66465e+31	82.7533	148	1  	15.7934
256	168   	7.57924e+07	1.96294e+10	0.667878 	1.14014e+09	84.0633	171	4  	14.7033
257	161   	8.33126e+06	2.45424e+09	0.667878 	1.4147e+08 	82.3833	138	4  	14.9047
258	175   	16722.9    	2.42057e+06	0.667878 	195794     	83.42  	145	4  	15.1232
259	148   	20787.8    	3.72656e+06	0.667878 	255047     	82.1467	106	4  	15.4882
260	142   	2095.41    	607526     	0.667878 	35015.5    	82.3033	164	6  	16.6741
261	152   	16265.2    	2.39943e+06	0.667878 	195210     	82.3233	130	1  	15.6935
262	163   	750348     	2.0833e+08 	0.667878 	1.20256e+07	84.1733	155	8  	13.6976
263	141   	144456     	4.09034e+07	0.667878 	2.36119e+06	82.8033	107	2  	13.5306
264	168   	2.08459e+23	6.25376e+25	0.667878 	3.60459e+24	82.5567	135	2  	15.8751
265	148   	6.61317e+07	1.96294e+10	0.667878 	1.13144e+09	83.94  	166	4  	13.3433
266	166   	20127.6    	2.40756e+06	0.667878 	200976     	83.1133	171	4  	18.1246
267	173   	47670.3    	1.18464e+07	0.667878 	696186     	82.5867	164	4  	15.7428
268	173   	8256.89    	2.39716e+06	0.667878 	138174     	83.32  	143	1  	14.7385
269	160   	16846.8    	2.41409e+06	0.667878 	195751     	83.76  	146	6  	12.8896
270	172   	3.30805e+07	9.80746e+09	0.657475 	5.65289e+08	83.2033	130	1  	14.3065
271	175   	48458.9    	1.18464e+07	0.657475 	696247     	82.3533	169	4  	17.1405
272	152   	7.04644e+30	2.11393e+33	0.657475 	1.21844e+32	82.15  	105	6  	14.871 
273	148   	271582     	7.66881e+07	0.657475 	4.42354e+06	83.21  	143	24 	12.7968
274	167   	4.10619e+07	9.81769e+09	0.657475 	5.82818e+08	82.9633	168	4  	17.6956
275	174   	2.0742e+06 	6.13428e+08	0.657475 	3.53564e+07	83.8033	131	4  	13.5678
276	184   	46006.9    	3.70213e+06	0.657475 	348351     	83.0167	136	2  	14.8955
277	163   	710917     	2.08397e+08	0.657475 	1.20124e+07	82.72  	140	3  	15.6252
278	158   	32166.3    	2.43709e+06	0.657475 	276262     	82.7967	146	3  	16.6095
279	168   	1.70465e+07	2.45424e+09	0.657475 	1.99925e+08	82.8133	117	1  	15.986 
280	169   	39972.2    	2.41355e+06	0.657475 	306557     	83.05  	136	4  	18.4094
281	171   	8.17362e+06	2.4519e+09 	0.657475 	1.41324e+08	86.4167	146	4  	14.3579
282	153   	8.19968e+06	2.4519e+09 	0.657475 	1.41323e+08	86.4   	141	4  	15.8825
283	163   	6.77796e+07	9.85529e+09	0.657475 	8.01019e+08	86.82  	145	4  	18.1758
284	164   	3.47814e+07	9.81709e+09	0.657475 	5.6683e+08 	88.1967	152	4  	16.8766
285	180   	2.24238e+06	6.66313e+08	0.657475 	3.84048e+07	88.5433	170	4  	18.4908
286	159   	16177.5    	2.40775e+06	0.657475 	194954     	90.9433	143	4  	15.2248
287	151   	12375.4    	3.69115e+06	0.657475 	212750     	92.8033	115	6  	12.013 
288	161   	8100.03    	2.39824e+06	0.657475 	138227     	93.25  	116	4  	11.8266
289	157   	26540.3    	5.56718e+06	0.6541   	348451     	92     	134	4  	16.0212
290	179   	3.61918e+18	1.08575e+21	0.6541   	6.25815e+19	92.3833	124	4  	15.6932
291	155   	8045.87    	2.3861e+06 	0.6541   	137528     	92.42  	186	1  	17.4573
292	172   	2.05323e+06	6.13536e+08	0.6541   	3.53632e+07	93.0533	187	3  	16.7791
293	171   	7.06574e+08	2.11972e+11	0.6541   	1.22178e+10	93.1033	151	15 	14.986 
294	172   	3620.04    	1.0242e+06 	0.6541   	59077.9    	92.82  	164	3  	16.562 
295	162   	32229.9    	2.42907e+06	0.6541   	276474     	93.45  	141	2  	16.2639
296	138   	684.769    	194986     	0.6541   	11240.1    	94.64  	168	7  	14.0792
297	189   	165840     	4.00926e+07	0.6541   	2.32546e+06	93.77  	155	5  	16.9946
298	181   	5608.13    	1.61336e+06	0.6541   	93006.7    	94.9433	191	6  	15.5115
299	163   	8153.06    	2.4082e+06 	0.6541   	138800     	93.8633	157	1  	16.2953
300	177   	12403.8    	3.69938e+06	0.6541   	213224     	95.7333	130	4  	15.6039
301	191   	9.10474e+06	2.45507e+09	0.6541   	1.42238e+08	95.0933	170	4  	21.869 
302	156   	34475.2    	2.99109e+06	0.6541   	293500     	97.5733	164	27 	13.8664
303	183   	738.515    	199303     	0.6541   	11491.4    	95.93  	176	1  	19.8038
304	135   	2.08426e+06	6.1341e+08 	0.6541   	3.53605e+07	97.7033	199	2  	14.9593
305	185   	325.242    	61304.1    	0.6541   	3592.61    	98.14  	118	24 	11.9094
306	173   	37440.6    	2.4084e+06 	0.6541   	290149     	95.96  	145	4  	17.6661
307	146   	67464.6    	2.01452e+07	0.6541   	1.16113e+06	97.4967	129	4  	14.1975
308	161   	12442.7    	3.70366e+06	0.6541   	213470     	96.0367	168	6  	18.3342
309	151   	8.34289e+06	2.45399e+09	0.649208 	1.41455e+08	98.4867	162	6  	12.9929
310	183   	32348.4    	2.41469e+06	0.649208 	275841     	97.6333	178	6  	17.2889
311	153   	13463.7    	2.42013e+06	0.649208 	166972     	96.6867	178	4  	18.552 
312	188   	33255.5    	3.70359e+06	0.649208 	298903     	96.8133	136	3  	18.1451
313	147   	8.20503e+06	2.45422e+09	0.649208 	1.41457e+08	98.9367	164	24 	14.5796
314	153   	2.07861e+06	6.11166e+08	0.649208 	3.52263e+07	97.07  	140	3  	19.0684
315	183   	3.50083e+07	9.81769e+09	0.649208 	5.66864e+08	97.8267	139	2  	17.4537
316	158   	16088.3    	2.4084e+06 	0.649208 	195228     	97.3067	132	6  	17.282 
317	142   	195.347    	44168.9    	0.649208 	2564.34    	96.1967	129	4  	18.1444
318	179   	21862.7    	2.39567e+06	0.649208 	214541     	97.1967	172	4  	17.7264
319	162   	21478      	2.41544e+06	0.649208 	216529     	97.49  	130	9  	12.8451
320	159   	129.788    	4682.43    	0.649208 	614.646    	96.3533	128	1  	15.5547
321	166   	16046.2    	2.39744e+06	0.649208 	194914     	95.4267	138	5  	17.984 
322	156   	3.5465e+32 	1.06395e+35	0.636896 	6.13248e+33	97.27  	123	6  	12.1673
323	187   	36822.2    	3.71224e+06	0.649208 	320686     	94.9367	146	4  	18.6472
324	173   	8.18102e+06	2.4519e+09 	0.585986 	1.41324e+08	96.7033	120	29 	11.9848
325	156   	3.47694e+07	9.81766e+09	0.585986 	5.66861e+08	95.9433	122	1  	16.0441
326	171   	63.2437    	7683.21    	0.585986 	521.907    	96.87  	119	8  	12.315 
327	153   	40135.5    	2.42181e+06	0.585986 	307847     	96.4133	151	6  	15.1628
328	164   	21329.9    	2.38985e+06	0.585986 	214387     	95.5333	162	1  	17.6152
329	186   	830852     	2.08251e+08	0.585986 	1.21997e+07	97.6233	161	8  	13.1745
330	154   	2.04478e+06	6.13422e+08	0.585986 	3.53569e+07	98.8867	129	7  	11.1607
331	170   	1.35014e+08	3.98884e+10	0.585986 	2.29927e+09	95.4167	161	1  	20.35  
332	158   	133529     	4.00335e+07	0.585986 	2.30748e+06	98.1133	125	4  	16.8054
333	160   	16260.5    	2.39271e+06	0.585986 	193951     	98.32  	142	4  	15.9153
334	158   	712546     	2.08251e+08	0.585986 	1.20039e+07	99.7367	164	7  	15.7451
335	167   	8659.57    	2.41991e+06	0.557598 	139554     	99.7733	208	4  	16.5086
336	182   	88.724     	12232.3    	0.532931 	778.976    	99.3633	142	4  	14.9592
337	140   	12650.8    	2.42218e+06	0.532931 	159469     	100.197	156	6  	12.8384
338	153   	24011.5    	2.39946e+06	0.532931 	238412     	99.4767	124	3  	13.015 
339	154   	1.63703e+07	2.45427e+09	0.532931 	1.99525e+08	100.463	164	5  	14.4896
340	159   	61.7063    	6380.61    	0.532931 	464.336    	99.1767	120	2  	15.0585
341	160   	1.8955e+07 	2.61242e+09	0.503437 	2.09088e+08	98.5633	122	6  	15.2131
342	168   	8.8784e+06 	2.45423e+09	0.503437 	1.4192e+08 	99.2567	166	4  	16.5472
343	166   	18117.5    	2.40674e+06	0.503437 	198447     	98.33  	145	6  	17.0566
344	173   	8217.32    	2.42345e+06	0.503437 	139679     	97.3667	161	4  	19.7087
345	161   	1.38913e+06	2.08825e+08	0.503437 	1.69525e+07	99.02  	168	4  	17.436 
346	183   	60940.4    	6.23816e+06	0.503437 	470978     	98.9667	142	4  	18.3742
347	144   	8185.06    	2.39567e+06	0.503437 	138092     	100.983	130	1  	15.7055
348	172   	8784.12    	2.40378e+06	0.487058 	138697     	101.51 	144	1  	17.9918
349	158   	2.07735e+06	6.13578e+08	0.487058 	3.53651e+07	101.64 	168	1  	18.095 
350	187   	8106.31    	2.41689e+06	0.449828 	139304     	101.48 	131	6  	15.627 
351	159   	16019.3    	2.41131e+06	0.449828 	195100     	100.903	160	6  	18.4945
352	172   	8233.83    	2.40044e+06	0.449828 	138369     	101.737	131	4  	13.494 
353	149   	70.9958    	7584.55    	0.449828 	539.438    	101.633	128	32 	11.7334
354	176   	27839.1    	3.49753e+06	0.449828 	280919     	99.3833	188	4  	19.3978
355	154   	2.18425e+06	6.11164e+08	0.449828 	3.5294e+07 	101.043	136	6  	14.3931
356	159   	8.18859e+06	2.45413e+09	0.449828 	1.41452e+08	100.117	159	6  	18.1103
357	186   	20466.3    	3.69986e+06	0.449828 	253694     	100.57 	192	1  	20.7826
358	159   	8267.04    	2.39335e+06	0.449828 	137966     	101.653	129	4  	15.1613
359	168   	20985.4    	3.70343e+06	0.449828 	253924     	101.093	127	2  	19.3311
360	166   	16124.4    	2.40485e+06	0.449828 	195436     	103.517	134	5  	14.4364
361	156   	8077.94    	2.40093e+06	0.449828 	138384     	102.727	146	5  	17.5672
362	157   	38521.5    	3.68725e+06	0.411513 	320474     	103.02 	166	4  	17.252 
363	165   	1.37018e+31	4.11055e+33	0.411513 	2.36927e+32	101.777	188	3  	19.5614
364	179   	12627.9    	3.71861e+06	0.411513 	214338     	101.993	130	4  	17.1699
365	161   	2.05263e+06	6.13349e+08	0.411513 	3.53525e+07	105.013	125	4  	10.1044
366	187   	4.10305e+06	6.13575e+08	0.374006 	4.99185e+07	102.627	167	2  	18.5129
367	178   	1.52091e+31	4.56273e+33	0.374006 	2.6299e+32 	103.813	184	6  	16.0849
368	189   	2.06146e+06	6.13408e+08	0.374006 	3.53556e+07	102.663	164	7  	16.7335
369	145   	28581.4    	3.71265e+06	0.374006 	289614     	102.317	168	4  	17.5544
370	163   	8669.68    	2.39426e+06	0.374006 	138419     	103.247	142	6  	14.9953
371	140   	11776.3    	3.50851e+06	0.374006 	202222     	102.03 	185	1  	21.0288
372	184   	8103.58    	2.40037e+06	0.374006 	138350     	103.487	160	21 	13.4471
373	166   	133667     	4.00829e+07	0.373806 	2.31032e+06	104.697	130	6  	11.8236
374	152   	14291.9    	2.38365e+06	0.373806 	174664     	103.977	131	6  	15.046 
375	161   	67.6538    	8606.96    	0.373806 	565.938    	103.853	139	2  	15.5486
376	169   	8125.9     	2.41307e+06	0.329015 	139083     	104.613	148	5  	14.9199
377	172   	3.32571e+07	9.97097e+09	0.293521 	5.74713e+08	103.723	170	6  	18.7881
378	163   	49.6407    	3155.87    	0.293521 	341.466    	104.93 	130	4  	13.8689
379	162   	2.04517e+06	6.1353e+08 	0.293521 	3.53631e+07	103.927	130	1  	16.3373
380	170   	836961     	2.50388e+08	0.293521 	1.44319e+07	105.163	151	39 	13.1155
381	161   	2.04527e+06	6.1353e+08 	0.293521 	3.5363e+07 	105.547	162	4  	13.0956
382	162   	2247.69    	598367     	0.293521 	34598.7    	103.943	184	4  	17.5077
383	160   	77.7813    	9178.88    	0.293521 	610.091    	104.543	150	5  	15.4098
384	160   	2048.43    	585657     	0.293521 	33760.1    	102.82 	141	4  	17.1332
385	187   	65.9187    	3177.97    	0.209406 	375.748    	103.697	208	4  	20.3356
386	155   	145.524    	29792.4    	0.209406 	1744.14    	103.773	180	4  	17.5156
387	157   	116.842    	3421.39    	0.209406 	545.308    	103.613	175	3  	17.7153
388	149   	2.08129e+06	6.13546e+08	0.209406 	3.53663e+07	103.85 	147	4  	16.1148
389	180   	6356.4     	1.87889e+06	0.209406 	108293     	103.327	151	4  	16.6865
390	183   	3.27257e+07	9.81768e+09	0.194787 	5.65879e+08	102.39 	171	2  	18.3262
391	136   	2.04513e+06	6.13515e+08	0.194531 	3.53622e+07	102.283	166	6  	16.8108
392	151   	240.329    	51230.8    	0.194531 	2989.94    	102.797	137	5  	12.8536
393	186   	4.09039e+06	6.13558e+08	0.0940119	4.99283e+07	102.723	148	2  	15.4751
394	156   	137.748    	6396.27    	0.194531 	673.305    	103.14 	159	4  	15.5351
395	173   	154357     	4.32156e+07	0.194531 	2.4963e+06 	103.577	206	7  	17.2703
396	155   	9922.9     	2.96112e+06	0.194531 	170673     	103.713	173	7  	15.1501
397	158   	345.844    	41331      	0.193975 	3294.96    	102.117	149	1  	19.6388
398	178   	89.2306    	8803.53    	0.193975 	619.273    	104.34 	151	6  	16.0243
399	172   	15209.2    	3.51067e+06	0.193975 	210891     	102.067	156	4  	17.7329
400	172   	1477.36    	86781.2    	0.183849 	9244.3     	102.71 	156	7  	16.532 
401	196   	13063.8    	3.70359e+06	0.183849 	213525     	100.587	153	1  	18.4124
402	167   	108.672    	6398.52    	0.183849 	662.457    	100.737	162	4  	16.0479
403	157   	75.9683    	6316.61    	0.169926 	507.519    	100.733	161	9  	15.4599
404	169   	788251     	2.3578e+08 	0.183849 	1.359e+07  	98.0733	141	5  	17.359 
405	153   	8492.52    	1.87855e+06	0.183849 	113533     	98.56  	162	10 	15.16  
406	152   	8.17324e+06	2.45188e+09	0.183849 	1.41323e+08	97.2767	129	2  	15.6284
407	165   	3.27286e+07	9.81648e+09	0.183849 	5.65809e+08	96.4833	135	2  	16.1587
408	173   	6.61453e+19	1.98436e+22	0.181597 	1.14376e+21	96.5367	162	4  	17.6031
409	158   	1.309e+08  	3.9267e+10 	0.164524 	2.2633e+09 	99.2633	130	7  	13.5411
410	171   	8.18014e+06	2.45401e+09	0.164524 	1.41446e+08	100.637	202	4  	15.5419
411	161   	10075.8    	3.00164e+06	0.164524 	173007     	100.303	157	2  	15.8189
412	191   	2.43356e+07	2.45416e+09	0.164524 	2.22919e+08	98.8933	158	2  	21.5605
413	161   	8.89501e+06	2.66847e+09	0.164524 	1.53807e+08	102.297	140	7  	13.9996
414	169   	2.04491e+06	6.13429e+08	0.164524 	3.53572e+07	100.577	176	5  	19.4783
415	180   	5830.49    	1.04313e+06	0.164524 	69263.2    	102.637	163	4  	15.8006
416	168   	445202     	1.33347e+08	0.164524 	7.68592e+06	102.28 	163	2  	14.761 
417	178   	303.009    	38651.2    	0.164524 	2391.73    	102.983	162	4  	16.4992
418	154   	104.586    	3707.63    	0.164524 	524.259    	104.07 	165	3  	17.1831
419	168   	8.20693e+06	2.45189e+09	0.164524 	1.41323e+08	106.077	157	45 	12.6004
420	177   	8.43647e+06	2.53087e+09	0.164524 	1.45876e+08	105.68 	177	4  	17.3771
421	166   	77.9927    	6377.85    	0.164524 	527.807    	106.637	151	5  	15.903 
422	160   	2.65855e+07	2.45426e+09	0.164524 	2.4652e+08 	106.677	163	5  	16.4136
423	159   	8.40158e+06	2.45398e+09	0.164524 	1.41483e+08	106.257	186	6  	13.7893
424	154   	1.63602e+07	2.45398e+09	0.164524 	1.99698e+08	105.573	147	5  	12.2957
425	159   	2.08459e+23	6.25376e+25	0.164524 	3.60459e+24	103.603	137	3  	17.166 
426	167   	2.73442e+06	8.17761e+08	0.164118 	4.71344e+07	103.397	166	3  	16.7626
427	159   	59.253     	4110.3     	0.164118 	386.913    	103.247	168	6  	16.2837
428	179   	85.4039    	10586      	0.164118 	679.598    	102.777	162	4  	17.1186
429	166   	108.707    	12058.5    	0.164118 	881.588    	102.987	194	6  	15.2833
430	177   	2115.25    	603498     	0.164118 	34785.6    	102.25 	158	5  	16.0688
431	165   	1.32981e+08	3.989e+10  	0.164118 	2.29921e+09	103.513	155	35 	13.1188
432	184   	123.771    	9244.68    	0.164042 	831.255    	102.82 	155	6  	14.5311
433	166   	33.2052    	2225.99    	0.164118 	178.169    	103.383	149	5  	15.1093
434	154   	223.873    	47664      	0.164118 	2796.38    	104.123	125	9  	11.1604
435	151   	2.04514e+06	6.13525e+08	0.164118 	3.53628e+07	105.3  	148	34 	9.30394
436	154   	4.09123e+07	9.81647e+09	0.164118 	5.82764e+08	103.987	164	6  	15.8055
437	170   	34093.5    	1.02041e+07	0.164118 	588145     	103.943	137	4  	15.0767
438	177   	1.86702e+07	2.52943e+09	0.164118 	2.05685e+08	103.463	163	4  	18.3924
439	166   	1.63636e+07	2.45425e+09	0.164118 	1.99716e+08	104.723	165	9  	12.0698
440	156   	1.66138e+07	2.52943e+09	0.164118 	2.02802e+08	103.797	164	6  	14.8623
441	171   	126.011    	11509      	0.164118 	811.321    	102.507	150	4  	18.4082
442	162   	2.04487e+06	6.13428e+08	0.164118 	3.53572e+07	102.16 	166	3  	18.4151
443	154   	327.235    	44123.8    	0.164118 	3059.48    	104.593	139	7  	11.3341
444	175   	1.02189e+07	2.45398e+09	0.164118 	1.4565e+08 	103.98 	191	4  	14.9289
445	162   	2.09269e+06	6.13413e+08	0.164118 	3.5359e+07 	102.103	164	4  	18.4687
446	157   	2.04439e+06	6.13287e+08	0.164118 	3.53491e+07	104.387	152	4  	12.2612
447	165   	4.09056e+06	6.13518e+08	0.164118 	4.99183e+07	103.723	154	3  	14.2864
448	166   	67.6738    	3116.42    	0.164118 	369.222    	103.303	162	4  	14.7297
449	178   	2180.35    	602635     	0.164118 	34743.6    	102.343	138	4  	15.5465
450	151   	7.46335e+06	1.62544e+09	0.164118 	1.00029e+08	103.11 	207	5  	16.3647
451	161   	6340.09    	1.87874e+06	0.164118 	108285     	102.87 	132	2  	16.7879
452	177   	2.56683e+06	6.13503e+08	0.164118 	3.64202e+07	103.68 	165	6  	15.6371
453	153   	2.55785e+06	6.14004e+08	0.109689 	3.64484e+07	103.217	164	3  	16.1879
454	164   	262.592    	50092.3    	0.109689 	3027.12    	103.713	164	4  	17.3602
455	159   	1.30901e+08	3.92694e+10	0.109689 	2.26344e+09	105.257	164	4  	16.0731
456	171   	329.687    	64120.2    	0.109689 	3727.3     	105.853	165	8  	17.8626
457	181   	2180.6     	602635     	0.109689 	34743.3    	105.767	222	4  	23.709 
458	163   	6.02446e+25	1.80734e+28	0.109689 	1.04173e+27	105.897	168	4  	24.6925
459	153   	1.63616e+08	3.92672e+10	0.109689 	2.33114e+09	110.023	177	1  	24.8087
460	172   	90.7021    	8823       	0.0506467	630.065    	119.177	224	5  	29.0948
461	161   	75.7953    	8259.08    	0.0482041	580.797    	127.827	184	4  	31.11  
462	172   	8.33886e+06	2.45418e+09	0.0482041	1.41469e+08	140.48 	221	1  	31.1485
463	165   	3.27258e+07	9.81772e+09	0.0482041	5.65881e+08	146.817	183	5  	27.5723
464	174   	64.9459    	5133.88    	0.0482041	443.781    	153.677	202	9  	26.6708
465	154   	2.04584e+06	6.13285e+08	0.0482041	3.53489e+07	159.29 	233	8  	16.7779
466	165   	104.726    	27739.1    	0.0482041	1600.15    	159.38 	209	8  	16.2262
467	155   	484.161    	64102.4    	0.0437663	4663.84    	159.887	222	16 	16.97  
468	186   	6.02446e+25	1.80734e+28	0.0437663	1.04173e+27	159.013	181	1  	17.3849
469	164   	9914.66    	2.37009e+06	0.0437663	140776     	158.663	199	4  	23.4811
470	143   	24223.6    	2.39316e+06	0.0437663	237464     	161.247	199	35 	16.4995
471	181   	2.0528e+06 	6.13454e+08	0.0437663	3.53585e+07	159.457	221	4  	23.956 
472	149   	4.09245e+06	6.12405e+08	0.0437663	4.98351e+07	163.733	228	42 	14.7206
473	155   	2.05511e+06	6.13523e+08	0.0437663	3.53625e+07	162.69 	224	18 	18.183 
474	175   	15561.9    	2.40778e+06	0.0437663	189625     	160.417	222	6  	24.8122
475	158   	3.46755e+06	6.13537e+08	0.0330563	4.15748e+07	158.757	198	5  	23.4752
476	174   	143824     	4.31329e+07	0.0330563	2.48613e+06	157.293	198	4  	21.565 
477	167   	155543     	4.36708e+07	0.0384005	2.52233e+06	155.703	225	7  	19.2006
478	186   	78.0191    	14390.8    	0.0384005	861.013    	152.61 	212	4  	25.0874
479	164   	124.72     	8826.04    	0.0384005	730.304    	152.547	178	4  	22.3261
480	161   	263.159    	63902.1    	0.0384005	3696.11    	152.803	171	1  	17.6648
481	160   	6.02445e+25	1.80734e+28	0.0384005	1.04173e+27	153.1  	180	2  	15.5301
482	161   	1.33103e+08	3.98901e+10	0.0384005	2.29921e+09	153.447	201	11 	14.3764
483	147   	546.76     	152814     	0.0384005	8810.99    	154.88 	205	91 	10.9239
484	179   	10253.7    	3.00205e+06	0.0384005	173031     	152.607	215	4  	19.9022
485	166   	1.66165e+07	2.53088e+09	0.0384005	2.02852e+08	153.283	216	4  	18.7425
486	173   	513304     	1.5332e+08 	0.0384005	8.83708e+06	153.48 	206	31 	16.2482
487	171   	2199.85    	599128     	0.0384005	34632      	153.51 	214	4  	18.1169
488	177   	8320.51    	1.87883e+06	0.0384005	113536     	152.277	181	6  	19.3696
489	174   	289.163    	64133.1    	0.0384005	3794.01    	152    	201	5  	19.4994
490	146   	12710.4    	3.71592e+06	0.0384005	214188     	152.703	177	4  	20.2329
491	161   	2.04517e+06	6.13528e+08	0.0384005	3.5363e+07 	151.663	180	1  	22.0479
492	162   	6.02445e+25	1.80734e+28	0.0384005	1.04173e+27	151.963	219	1  	22.4192
493	158   	9994.97    	2.99031e+06	0.0384005	172357     	153.787	206	8  	16.1675
494	165   	8.16551e+06	2.44946e+09	0.0335252	1.41184e+08	153.82 	209	5  	16.6211
495	148   	57.8228    	3144.65    	0.0335252	386.592    	153.633	187	14 	15.1708
496	140   	170.677    	44168.3    	0.0335252	2552.55    	153.8  	178	7  	18.0324
497	170   	130.518    	8259.62    	0.0335252	745.913    	154.873	184	4  	17.958 
498	158   	4.06794    	197.368    	0.0335252	18.095     	155.42 	185	7  	16.1374
499	149   	759.085    	194756     	0.0335252	11252.4    	154.62 	180	5  	20.1969
500	163   	2.05698e+06	6.13566e+08	0.0335252	3.5365e+07 	155.54 	178	2  	18.7926
--------------------------------------------------------------------------------

Best individual:
Required sequence: 2, 8, 20, 28, 50, 82, 126
Actual sequence:   2, 8, 20, 28, 50, 82, 126


Best algorithm: add(add(n, sub(sub(sub(sub(sub(sub(pi, cos(ppow(pi))), cos(n)), cos(ppow(pi))), sin(pfac(add(n, sub(sub(sub(ppow(sub(pi, mul(abs(sub(pi, n)), n))), abs(sub(pi, n))), mul(sin(n), mul(abs(sub(sub(pi, cos(ppow(pi))), n)), n))), sub(sin(sub(ppow(pdiv(sub(ppow(pi), pi), sub(add(pi, n), pi))), sub(ppow(abs(pi)), pi))), n)))))), mul(sin(sin(n)), mul(abs(sub(pi, n)), n))), sub(sub(ppow(pdiv(pi, n)), sub(ppow(sub(abs(pi), cos(1))), pi)), sin(add(n, sub(sub(sub(ppow(sub(pi, mul(neg(cos(ppow(n))), mul(sub(pi, n), n)))), abs(sub(pi, n))), mul(sin(n), mul(abs(sub(sub(pi, cos(ppow(pi))), n)), n))), sub(sin(sub(ppow(pdiv(sub(ppow(abs(pi)), pi), sub(add(pi, sub(abs(pi), cos(1))), cos(sub(pi, pi))))), sub(ppow(abs(pi)), pi))), n))))))), ppow(n))

Success!