   	      	                          fitness                          	              size             
   	      	-----------------------------------------------------------	-------------------------------
gen	nevals	avg        	max        	min      	std        	avg    	max	min	std    
0  	300   	3668.24    	9429.85    	1278.86  	639.702    	3.98   	11 	2  	2.00157
1  	164   	3213.36    	4302.86    	1278.86  	662.503    	3.93   	11 	2  	1.794  
2  	174   	2699.39    	6254.16    	551.723  	805.623    	4.09667	10 	2  	1.8549 
3  	154   	2091.25    	4302.86    	551.723  	770.836    	3.78   	10 	2  	1.60154
4  	155   	1556.12    	10288      	316.583  	802.16     	3.72   	10 	3  	1.6598 
5  	145   	1349.8     	10288      	129.143  	950.313    	3.89333	10 	2  	1.79126
6  	178   	1945.1     	201897     	129.143  	11777.5    	4.17   	10 	3  	1.49703
7  	166   	1356.83    	37707.9    	105.726  	3718.7     	4.76333	10 	3  	1.38106
8  	192   	1273.66    	37707.9    	105.726  	3884.95    	5.10667	9  	3  	1.07794
9  	181   	1018.91    	37707.9    	105.726  	3307.68    	5.36   	11 	3  	1.09715
10 	161   	897.587    	69617.1    	105.726  	4157.41    	5.58   	11 	3  	1.23164
11 	163   	476.077    	5590.21    	105.726  	776.331    	5.78667	9  	3  	1.25213
12 	185   	601.817    	43010.2    	78.8571  	2752.4     	5.97333	9  	3  	1.26989
13 	162   	504.478    	21044.5    	78.8571  	1527.27    	6.29333	11 	3  	1.46309
14 	152   	1093.38    	214897     	78.8571  	12380.4    	6.60667	11 	3  	1.36331
15 	166   	456.009    	23228.6    	78.8571  	1451.5     	6.86   	11 	3  	1.24113
16 	160   	510.538    	13054.3    	78.8571  	1339.05    	6.91333	11 	3  	1.31877
17 	157   	518.633    	11520.1    	78.8571  	1156.05    	6.95333	11 	3  	1.38966
18 	179   	531.773    	43010.2    	78.8571  	2593.06    	6.95333	11 	3  	1.32079
19 	166   	435.546    	13054.3    	43.491   	1026.69    	6.94   	11 	3  	1.38915
20 	172   	589.091    	33377.6    	43.491   	2118.03    	7.03333	11 	3  	1.52716
21 	173   	562.613    	23228.6    	43.491   	1537.39    	7.27333	13 	3  	1.74125
22 	145   	833.53     	88542.9    	43.491   	5223.42    	7.54667	15 	3  	1.90993
23 	156   	671.439    	19035.9    	29.913   	1828.71    	7.86   	17 	3  	1.88867
24 	163   	684.137    	16660.2    	29.913   	1659.37    	8.33333	19 	3  	2.33429
25 	171   	810.009    	23443.9    	29.913   	2325.41    	8.66   	23 	3  	2.31035
26 	169   	1113.67    	134897     	29.913   	7831.61    	8.82667	19 	3  	2.28545
27 	150   	706.718    	23228.6    	29.913   	1766.35    	8.98   	19 	3  	2.04929
28 	181   	996.678    	99581.7    	29.913   	5875.97    	9.12667	15 	3  	1.97247
29 	154   	522.45     	19035.9    	29.913   	1352.68    	9.08   	17 	3  	2.02491
30 	156   	494.406    	23443.9    	29.913   	1522.22    	9.07333	15 	3  	1.62725
31 	141   	1096.64    	138321     	29.913   	8337.04    	9.06   	17 	3  	2.1625 
32 	164   	543.936    	8353.29    	29.913   	1063.99    	9.12667	17 	3  	2.23844
33 	173   	669.427    	34042.7    	29.913   	2292.49    	9.12   	17 	3  	2.31206
34 	173   	870.068    	41660.8    	29.913   	3197.36    	9.14   	15 	3  	2.25545
35 	168   	1049.04    	99581.7    	29.913   	6065.65    	9.15333	17 	3  	2.42002
36 	178   	627.447    	6493.62    	29.913   	1083       	9.2    	19 	3  	2.3523 
37 	140   	670.725    	34042.7    	29.913   	2241.28    	9.26   	15 	3  	2.02626
38 	156   	752.286    	34042.7    	29.913   	2462.92    	9.30667	17 	3  	2.12586
39 	151   	566.16     	12225.1    	29.913   	1182.46    	9.36   	17 	3  	2.45569
40 	166   	855.467    	34042.7    	29.913   	2935.4     	9.36   	17 	3  	2.29864
41 	152   	486.553    	6493.62    	29.913   	937.647    	9.26   	19 	3  	2.11638
42 	167   	671.361    	34042.7    	29.913   	2298.58    	9.18667	19 	3  	2.35906
43 	168   	889.166    	49399.6    	29.913   	3581.43    	9.1    	19 	3  	2.40624
44 	161   	576.452    	10288      	29.913   	1345.61    	9.07333	19 	3  	2.03502
45 	177   	748.25     	43935.8    	29.913   	2745.38    	9.12   	19 	3  	2.02952
46 	151   	615.618    	15311.6    	29.913   	1377.76    	9.00667	15 	3  	2.06881
47 	152   	464.786    	3764.57    	29.913   	831.277    	9.03333	15 	3  	1.80708
48 	165   	542.751    	9635.09    	29.913   	1146.58    	8.96667	15 	3  	2.04912
49 	155   	1517.06    	120140     	29.913   	8085.47    	8.98   	15 	3  	2.04278
50 	162   	1020.81    	34042.7    	29.913   	3496.41    	8.97333	17 	3  	2.02632
51 	159   	812.61     	55164.9    	21.8624  	3342.21    	8.96667	17 	3  	2.25364
52 	151   	512.824    	9635.09    	21.8624  	1088.46    	9.08   	17 	3  	2.05757
53 	157   	1760.24    	259043     	21.8624  	15283.7    	9.19333	17 	3  	1.89806
54 	149   	987.267    	103295     	21.8624  	6291.22    	9.12   	17 	3  	2.14451
55 	160   	736.664    	34042.7    	21.8624  	2202.25    	9.14667	15 	3  	2.22826
56 	160   	834.08     	9635.09    	21.8624  	1548.45    	9.36   	19 	3  	2.55677
57 	197   	1186.42    	43935.8    	21.8624  	3698.02    	9.32667	15 	3  	2.31804
58 	179   	1272.03    	120140     	21.8624  	7044.54    	9.54667	19 	3  	2.81327
59 	174   	1141.02    	43935.8    	21.8624  	4169.32    	9.75333	21 	3  	3.23406
60 	160   	1161.58    	34042.7    	21.8624  	2772.65    	10.0533	21 	3  	2.97274
61 	162   	1005.56    	21764      	21.8624  	2215.53    	10.2067	19 	3  	2.907  
62 	173   	1128.93    	25157      	21.8624  	2256.15    	10.5467	35 	3  	3.40311
63 	152   	787.027    	25485.6    	21.8624  	2054.69    	10.6867	41 	3  	3.35785
64 	163   	1018.51    	10416.1    	21.8624  	1723.94    	10.8933	19 	3  	3.10085
65 	162   	1213.61    	34042.7    	21.8624  	2998.24    	11.0533	21 	3  	2.76595
66 	173   	2578.61    	259043     	21.8624  	18231.5    	11.0467	21 	3  	2.9231 
67 	170   	1132.11    	10416.1    	21.8624  	1859.41    	11.08  	19 	3  	3.12308
68 	167   	1147.2     	28284      	21.8624  	2363.29    	11.0333	21 	3  	2.91414
69 	158   	924.421    	13582.3    	21.8624  	1828.71    	11.1267	21 	3  	2.73202
70 	177   	1299.64    	83707.4    	21.8624  	5521.23    	10.9667	19 	3  	2.83999
71 	169   	1446.79    	45444.6    	21.8624  	4243.53    	11.1733	25 	3  	3.01496
72 	160   	1118.12    	25485.6    	21.8624  	2372.48    	11.0467	21 	3  	2.88637
73 	161   	778.346    	10332.3    	21.8624  	1446.26    	11.18  	19 	3  	2.84856
74 	167   	1377.25    	28284      	21.8624  	2616.98    	11.08  	25 	3  	3.14435
75 	156   	962.842    	25485.6    	21.8624  	2377.9     	11.1333	23 	3  	2.78727
76 	161   	1012.05    	34042.7    	21.8624  	2706.97    	11.0533	21 	3  	2.42703
77 	172   	1080.52    	25485.6    	21.8624  	2334.22    	11.1067	19 	3  	2.73532
78 	173   	972.592    	16354.7    	21.8624  	1968.91    	11.1267	21 	3  	2.69765
79 	174   	1043.5     	10332.3    	21.8624  	1862.37    	11.0667	21 	3  	2.80397
80 	152   	772.521    	13582.3    	21.8624  	1568.21    	11.0933	23 	3  	2.58546
81 	144   	970.698    	25485.6    	21.8624  	2296.27    	11     	19 	3  	2.46577
82 	165   	873.684    	11636.1    	21.8624  	1628.47    	10.9467	19 	3  	2.61224
83 	156   	926.204    	16090.3    	21.8624  	1911.56    	10.9733	23 	3  	2.83771
84 	163   	920.139    	28284      	21.8624  	2311.29    	11.1067	23 	3  	2.86856
85 	185   	1788.18    	103295     	21.8624  	7059.35    	10.82  	23 	3  	3.11677
86 	145   	743.836    	10332.3    	21.8624  	1411.86    	11.0067	21 	3  	2.77368
87 	169   	1203.08    	25485.6    	21.8624  	2516.97    	11.0267	21 	3  	2.94833
88 	180   	1326.96    	25485.6    	21.8624  	2480.58    	10.88  	19 	3  	3.18522
89 	172   	1045.6     	13582.3    	21.8624  	1922.7     	11.14  	23 	3  	2.8648 
90 	163   	1217.04    	25485.6    	21.8624  	2558.35    	11.3133	19 	3  	2.93856
91 	166   	1255.28    	34450.8    	21.8624  	3016.43    	11.16  	21 	3  	2.85676
92 	149   	968.306    	25485.6    	21.8624  	2511.35    	11.14  	23 	3  	2.83203
93 	154   	695.281    	25485.6    	21.8624  	1839.95    	11.0533	19 	3  	2.48136
94 	180   	968.037    	10416.1    	21.8624  	1691.83    	11.08  	19 	3  	2.92921
95 	174   	2074.03    	233910     	21.8624  	14083.7    	11.0933	25 	3  	2.8783 
96 	172   	1126.51    	22804.4    	21.8624  	2303.33    	11.02  	21 	3  	3.15588
97 	152   	918.474    	20265.2    	21.8624  	2010.53    	11.2267	25 	3  	2.99365
98 	199   	1274.31    	43935.8    	21.8624  	3561.17    	11.18  	25 	3  	3.03879
99 	149   	1433.96    	69617.1    	21.8624  	4806.64    	11.16  	25 	3  	3.14977
100	136   	873.33     	28284      	21.8624  	2578.61    	11.2067	27 	3  	2.7804 
101	164   	1241.12    	25485.6    	21.8624  	2990.64    	11.12  	21 	3  	2.95504
102	164   	951.642    	14651.1    	21.8624  	1911.94    	11.1267	25 	3  	2.91158
103	168   	1016.11    	25485.6    	21.8624  	2139.14    	11.2067	21 	3  	3.15763
104	181   	1082.92    	8890.29    	21.8624  	1708.44    	10.98  	27 	3  	3.30851
105	161   	1003.36    	10332.3    	21.8624  	1728.78    	10.94  	23 	3  	2.81124
106	151   	1012.86    	33010.7    	21.8624  	2716.9     	11.0867	19 	3  	2.5257 
107	155   	1311.71    	103295     	21.8624  	6168.86    	11.1   	23 	3  	2.83843
108	159   	1146.8     	28060.6    	21.8624  	2320.77    	10.98  	25 	3  	2.89591
109	170   	1001.21    	25485.6    	21.8624  	2290.81    	11.0533	23 	5  	2.50276
110	176   	1115.55    	12028.4    	21.8624  	1822.02    	10.98  	19 	3  	2.88668
111	135   	954.569    	26138.4    	21.8624  	2599.88    	11.0933	21 	3  	2.6264 
112	174   	1016.96    	25485.6    	21.8624  	2254.45    	11.0067	21 	3  	2.5794 
113	146   	946.664    	25485.6    	21.8624  	2171.63    	11.0867	21 	3  	2.47773
114	148   	1090.58    	28284      	21.8624  	2578.91    	11.1267	19 	3  	2.76115
115	181   	1531.03    	69617.1    	21.8624  	5896.98    	11.06  	21 	3  	3.10855
116	174   	1589.59    	103295     	21.8624  	8475.91    	11.02  	19 	3  	2.88206
117	161   	1183.53    	70905.8    	21.8624  	4617.64    	11.0533	21 	3  	2.58144
118	163   	928.395    	13582.3    	21.8624  	1752.14    	11.2667	25 	3  	3.0739 
119	163   	776.858    	6517.45    	21.8624  	1350.85    	10.9733	21 	3  	2.80938
120	177   	1039.08    	13582.3    	21.8624  	1959.42    	10.9867	23 	3  	2.96195
121	175   	1155.58    	25485.6    	21.8624  	2588.71    	11.04  	21 	3  	2.77099
122	141   	872.771    	25485.6    	21.8624  	2019.03    	10.9867	27 	3  	2.70305
123	172   	1010.5     	13582.3    	21.8624  	1919.83    	11     	21 	3  	2.6932 
124	167   	1016.79    	20265.2    	21.8624  	1982.91    	11.12  	21 	3  	2.8353 
125	183   	1053.89    	13582.3    	21.8624  	1947.2     	11.0267	19 	5  	2.55068
126	157   	1110.82    	43935.8    	21.8624  	3039.14    	11.04  	21 	3  	2.56094
127	178   	1119.63    	25485.6    	21.8624  	2870.69    	11.16  	21 	3  	2.85676
128	172   	1107.68    	14651.1    	21.8624  	1827.19    	11.2533	21 	3  	2.79329
129	175   	1173.2     	25485.6    	21.8624  	2288.47    	11.18  	23 	5  	2.72903
130	178   	1228.5     	28284      	21.8624  	2533.6     	11.18  	21 	3  	2.84387
131	154   	828.269    	16354.7    	21.8624  	1790.64    	11.1067	21 	3  	2.41425
132	180   	1258.03    	28284      	21.8624  	2684.07    	11     	19 	3  	2.91662
133	166   	944.793    	9085.09    	21.8624  	1603.79    	10.9933	23 	3  	3.01772
134	164   	897.094    	25485.6    	21.8624  	1982.45    	10.9667	21 	3  	2.55321
135	175   	906.61     	20265.2    	21.8624  	1967.75    	11.0333	21 	3  	2.90038
136	166   	935.772    	16354.7    	21.8624  	2039.27    	11.02  	27 	3  	3.11335
137	151   	807.501    	13582.3    	21.8624  	1660.2     	11.0733	19 	5  	2.24677
138	142   	1096.09    	25485.6    	21.8624  	2626.9     	11.0333	21 	3  	2.73963
139	161   	1334.82    	28284      	21.8624  	2692.18    	11.0867	21 	3  	2.97195
140	164   	1018.73    	20265.2    	21.8624  	2053.99    	10.9867	21 	3  	2.96195
141	175   	916.035    	13582.3    	21.8624  	1802.2     	10.9667	21 	3  	2.95954
142	182   	1199.57    	41620.2    	21.8624  	3256.51    	11.14  	25 	3  	3.15284
143	163   	1231.92    	103295     	21.8624  	6283.92    	11.1733	19 	3  	2.72702
144	146   	774.029    	10332.3    	21.8624  	1510.76    	11.2   	27 	3  	3.05723
145	186   	1280.67    	28284      	21.8624  	2350.9     	11.1467	23 	3  	3.3988 
146	149   	868.22     	25485.6    	21.8624  	2162.63    	11.2867	23 	3  	3.18085
147	167   	882.142    	13582.3    	21.8624  	1784.96    	11.1867	21 	3  	2.65678
148	167   	1071.77    	25485.6    	21.8624  	2497.67    	11.1267	21 	3  	2.83266
149	170   	1980.99    	233910     	21.8624  	13584.8    	11.3   	23 	3  	3.46458
150	172   	1889.71    	259043     	21.8624  	15025.7    	11.1733	23 	3  	3.17017
151	172   	1101.48    	13582.3    	21.8624  	2016.28    	11.1   	19 	3  	2.89885
152	158   	1014.64    	15187.5    	21.8624  	1857.11    	11.24  	21 	3  	3.02364
153	169   	953.321    	10332.3    	21.8624  	1583.2     	11.2   	21 	3  	3.177  
154	162   	2090.33    	321027     	21.8624  	18542.2    	11.2733	23 	3  	3.10998
155	158   	1150.79    	58066      	21.8624  	3895.05    	11.3   	21 	3  	3.0293 
156	158   	1237.18    	138321     	21.8624  	8052.34    	11.1467	21 	3  	2.83405
157	152   	1021.45    	25485.6    	21.8624  	2266.98    	11.12  	19 	3  	2.63039
158	171   	1008.34    	20033.1    	21.8624  	1973.52    	11.1667	25 	3  	3.12606
159	146   	796.701    	13582.3    	21.8624  	1615.4     	11.1933	25 	3  	2.81472
160	153   	1020.88    	28284      	21.8624  	2340.35    	11.2667	21 	3  	3.04339
161	171   	1757.3     	259043     	21.8624  	14975.9    	10.9933	21 	3  	2.87749
162	181   	1750.72    	233910     	21.8624  	13603.2    	11.0333	19 	3  	2.76867
163	153   	856.729    	25485.6    	21.8624  	2188.41    	10.9867	19 	3  	2.64824
164	142   	822.851    	8084.57    	21.8624  	1450.45    	11.1   	21 	3  	2.81957
165	176   	1095.08    	13582.3    	21.8624  	2038.14    	11.2067	21 	3  	3.1534 
166	163   	2818.26    	450752     	21.8624  	26001.8    	11.2133	21 	3  	3.42264
167	180   	908.073    	16354.7    	21.8624  	1629.52    	11.3667	21 	3  	3.17263
168	170   	1166.26    	25485.6    	21.8624  	2642.16    	11.6667	23 	5  	2.96798
169	189   	1003.5     	11789.1    	21.8624  	1733.16    	11.62  	27 	3  	3.36288
170	151   	1101.02    	55164.9    	21.8624  	3700.02    	11.64  	21 	3  	3.04473
171	172   	1085.17    	25485.6    	21.8624  	2229.95    	11.8933	25 	3  	3.33896
172	139   	834.309    	28284      	21.8624  	2175.32    	12.1533	25 	3  	3.23159
173	146   	695.597    	13582.3    	21.8624  	1513.64    	12.2333	25 	3  	3.10036
174	171   	1038.47    	10332.3    	21.8624  	1770.77    	12     	23 	3  	3.57211
175	155   	1127.93    	43935.8    	21.8624  	3358.17    	12.0733	23 	3  	3.58998
176	162   	1087.39    	13582.3    	21.8624  	1983.05    	11.8933	29 	3  	3.53298
177	181   	870.101    	6783.73    	21.8624  	1442       	12.0333	23 	3  	3.45044
178	171   	1153.96    	83707.4    	21.8624  	5059.99    	12     	25 	3  	3.646  
179	165   	1088.68    	67730      	21.8624  	4452.97    	12.2467	29 	3  	3.89946
180	187   	1167.12    	62167.6    	21.8624  	3885.82    	12.1267	29 	3  	4.09845
181	171   	3215.23    	653557     	21.8624  	37700.5    	12.08  	25 	3  	3.67427
182	162   	1627.19    	120140     	21.8624  	7281.43    	12.0067	25 	3  	3.90384
183	177   	1108.54    	21553.1    	21.8624  	2099.98    	12.2   	31 	3  	3.98664
184	178   	1254.04    	25485.6    	21.8624  	2423.94    	12.24  	29 	5  	4.29369
185	173   	1423.56    	69617.1    	21.8624  	5299.22    	12.2333	33 	3  	4.36183
186	186   	1395.94    	28284      	21.8624  	2500.61    	12.62  	33 	3  	5.15386
187	162   	1312.39    	31656.6    	21.8624  	2980.28    	13.0933	37 	3  	5.86668
188	184   	1536.78    	28284      	21.8624  	3062.79    	13.6267	37 	3  	6.57525
189	150   	1192.65    	25485.6    	20.8877  	2583.11    	14.9133	45 	3  	7.6685 
190	165   	1014.96    	14651.1    	21.8624  	2260.68    	15.6267	41 	3  	7.79448
191	176   	823.377    	16354.7    	21.8624  	1818.91    	16.0267	41 	3  	8.21133
192	167   	886.339    	12108.7    	21.8624  	1649.55    	17.12  	47 	3  	9.64221
193	170   	1123.15    	36792.4    	20.8877  	3506.41    	18.0867	53 	3  	10.227 
194	168   	820.731    	13582.3    	20.8877  	1893.13    	18.36  	57 	3  	10.2744
195	156   	653.819    	13730.3    	20.8877  	1726.87    	20.2133	57 	3  	10.7391
196	151   	1058       	32617.3    	20.8877  	3163.46    	21.7933	57 	3  	11.4762
197	189   	1100.9     	27489.8    	20.8877  	2860.42    	22.48  	67 	3  	11.8669
198	189   	1571.25    	87774.6    	20.2961  	7010.11    	23.5333	61 	3  	11.8943
199	150   	810.563    	47647.2    	19.4616  	3511.7     	26.3067	65 	3  	12.8882
200	165   	3138.96    	743836     	19.444   	42883.4    	27.8667	75 	5  	13.0147
201	143   	468.065    	10917.9    	19.444   	1322.07    	30.26  	77 	3  	15.1235
202	176   	826.584    	12541.6    	19.1641  	2001.96    	31.1333	87 	3  	16.3555
203	171   	783.754    	19596.6    	19.1641  	1987.45    	33.36  	109	3  	16.873 
204	145   	542.326    	14988.6    	17.2889  	1695.35    	36.2   	93 	5  	15.8038
205	163   	567.774    	19641.9    	14.5563  	2101.84    	39.4867	87 	3  	15.5208
206	170   	320.687    	12744      	14.5563  	1111.94    	44.2333	113	5  	16.6545
207	150   	588.331    	24299.9    	14.5563  	2506.81    	48.6467	119	3  	17.6777
208	181   	609.425    	22458.4    	14.5563  	2332.51    	50.7   	103	5  	19.7052
209	163   	624.226    	39895.8    	14.5563  	3478.5     	52.3133	113	3  	20.2048
210	156   	827.585    	129707     	13.5377  	7617.38    	52.04  	95 	5  	20.3296
211	156   	402.813    	29715.3    	13.5377  	2022.02    	48.5733	99 	3  	19.9881
212	157   	456.238    	19800.4    	13.5377  	1757.25    	44.3667	107	3  	18.893 
213	180   	363.246    	7586.29    	13.5377  	1113.64    	40.1933	99 	5  	19.2618
214	189   	495.537    	8590.51    	13.5377  	1290.56    	37.6133	97 	3  	16.8491
215	168   	455.645    	25958.5    	13.5377  	1783.45    	37.3933	91 	7  	15.8474
216	156   	516.564    	25623.2    	12.7926  	1882.12    	36.42  	99 	5  	15.7986
217	176   	557.593    	20082.1    	12.5558  	1946.23    	36.78  	99 	3  	15.9897
218	153   	431.958    	54591.4    	12.4463  	3246.4     	41.3867	95 	3  	17.2375
219	178   	362.838    	12777.2    	12.5558  	1291.19    	47.5933	99 	3  	18.7811
220	170   	8136.75    	2.31396e+06	12.5558  	133365     	51.98  	105	3  	17.4726
221	152   	301.463    	13419.3    	10.4072  	1377.36    	56.3467	115	5  	16.6261
222	155   	857.446    	195653     	10.9781  	11296.3    	59.2533	103	11 	14.8778
223	157   	436.025    	13321.9    	10.9781  	1578.39    	63.6   	139	5  	20.3624
224	174   	263.523    	13173.8    	10.9781  	1008.17    	69.16  	149	9  	20.1944
225	157   	269.629    	13347.7    	10.8469  	1135.26    	71.0267	139	5  	19.5993
226	155   	177.446    	12007.5    	7.90822  	863.461    	71.34  	141	5  	22.1415
227	187   	336.269    	17310.9    	6.4231   	1604.25    	74.8267	171	5  	26.0701
228	173   	413.197    	33679.7    	6.4231   	2223.86    	77.8133	173	5  	28.542 
229	170   	365.039    	19851.5    	6.4231   	1805.74    	78.9   	185	3  	27.7422
230	143   	592.968    	107576     	6.4231   	6323.14    	78.8   	173	5  	24.9787
231	160   	8320.18    	2.3993e+06 	5.54923  	138281     	80.0867	173	5  	23.3656
232	148   	3622.04    	982268     	5.54923  	56615.8    	81.64  	185	3  	27.2155
233	167   	380.408    	26153.4    	5.54923  	2002.24    	87.9133	155	5  	24.7824
234	170   	377.397    	27148.6    	2.80184  	1877.49    	95.0533	165	5  	24.2618
235	183   	401.944    	8853.1     	2.80184  	1181.18    	97.1   	191	3  	23.016 
236	165   	267.299    	9033.03    	2.80184  	1017.17    	97.2933	173	5  	19.1421
237	156   	192.135    	11688.1    	2.80184  	920.427    	95.7067	175	3  	17.3576
238	174   	8376.55    	2.39855e+06	2.46402  	138238     	95.3933	169	5  	18.0198
239	180   	281.84     	15980      	2.46402  	1226.38    	95.6267	177	5  	16.587 
240	166   	475.377    	26443.8    	2.46402  	2165.59    	92.8933	145	5  	16.8044
241	167   	748.071    	162562     	2.46402  	9389       	91.2267	145	3  	17.3498
242	164   	243.38     	6476.12    	2.46402  	919.779    	90.8667	159	3  	17.0594
243	155   	1851.23    	486353     	2.46174  	28032      	90.1267	165	3  	17.2742
244	167   	7915.87    	2.31408e+06	2.46174  	133371     	90.2067	183	7  	16.5794
245	154   	301.409    	12279.9    	2.4081   	1164.18    	88.54  	169	5  	18.7073
246	165   	8279.25    	2.40278e+06	2.4081   	138482     	89.9267	171	3  	17.5426
247	164   	209.917    	12340.7    	2.4081   	1004.37    	89.42  	165	7  	17.1066
248	163   	321.633    	12008.8    	2.4081   	1190.91    	89.46  	167	5  	16.5671
249	179   	8236.09    	2.40278e+06	2.4081   	138483     	87.64  	165	5  	19.1246
250	180   	167.753    	6028.98    	2.4081   	597.631    	88.86  	183	3  	17.3003
251	161   	227.409    	6270.39    	2.4081   	893.605    	89.1933	183	3  	19.1744
252	184   	3273.16    	873001     	2.37437  	50327.1    	89.8267	151	5  	17.9409
253	190   	1355.44    	166956     	2.37437  	11143.9    	91.14  	139	3  	16.4469
254	181   	719.066    	139716     	2.15028  	8087.77    	92.8467	173	3  	17.9091
255	152   	196.232    	6267.39    	2.02138  	669.418    	93.1933	157	7  	17.5879
256	169   	307.147    	6051.21    	2.15028  	1036.2     	95.2533	155	17 	15.2513
257	162   	1418.53    	335911     	2.15028  	19370      	96.16  	169	5  	16.934 
258	173   	11326.2    	3.29613e+06	2.11822  	189969     	96.6067	167	3  	15.5929
259	166   	303.989    	6206.11    	2.11822  	964.689    	97.86  	153	3  	16.3558
260	189   	240.72     	8633.35    	2.11822  	986.292    	99.9467	143	5  	13.3311
261	153   	288.418    	6358.21    	2.02138  	1070.7     	100.04 	193	5  	17.5449
262	176   	846.716    	170396     	2.02138  	9859.96    	100.827	177	5  	16.8759
263	175   	304.486    	12570.6    	2.02138  	1193.07    	100.267	153	5  	15.4659
264	155   	453.319    	26109.1    	1.80121  	2127.45    	99.8267	213	5  	17.9491
265	164   	246.007    	8525.13    	1.80121  	906.955    	99.18  	191	3  	18.1382
266	159   	1629.22    	428138     	1.80121  	24684.6    	99.8333	195	5  	17.8239
267	178   	252.727    	5955.94    	1.79346  	790.326    	100.487	203	3  	17.8457
268	193   	334.87     	8321.66    	1.79346  	1086.74    	100.167	167	5  	19.4357
269	156   	1789.2     	428138     	1.7712   	24683.6    	102.047	219	5  	19.3449
270	153   	185.277    	6790.65    	1.7712   	721.028    	104.053	213	5  	19.8551
271	170   	402.111    	30823.4    	1.39169  	2135.39    	107.953	221	3  	22.0348
272	162   	410.505    	26798.4    	1.39169  	1971.23    	113.24 	157	5  	18.3309
273	153   	261.258    	24308.7    	1.39169  	1706.32    	117.407	165	9  	16.8129
274	157   	465.006    	48292.3    	1.39169  	3089.2     	118.753	191	13 	18.1903
275	178   	552.164    	57281.8    	1.39169  	3714.06    	118.847	181	7  	16.8915
276	147   	268.499    	6287.7     	1.39169  	966.006    	117.227	173	5  	18.9118
277	143   	478.83     	26128      	1.39169  	2295.89    	118.433	215	15 	16.2271
278	168   	292.88     	6506.15    	1.39169  	1065.06    	119.167	187	9  	18.2022
279	159   	73201.4    	2.18586e+07	1.39169  	1.25989e+06	119.693	159	71 	12.8041
280	153   	457.748    	50267.4    	1.39169  	3080.01    	121.013	229	7  	18.5249
281	174   	218.112    	6239.89    	1.37396  	778.18     	122.847	191	13 	19.1678
282	179   	450.489    	15122.3    	1.3695   	1679.36    	122.607	205	7  	21.2344
283	172   	193521     	5.7248e+07 	1.37396  	3.29981e+06	120.7  	195	3  	22.6039
284	191   	581.031    	38781      	1.37396  	3359.2     	119.9  	265	3  	22.4393
285	188   	454.11     	19924.7    	1.37396  	1887.2     	119.42 	221	7  	21.6616
286	184   	8978.92    	2.40206e+06	1.37396  	138740     	118.593	231	5  	19.2965
287	162   	786.13     	95647.7    	1.3695   	5876.13    	117.26 	207	7  	19.6503
288	158   	242.162    	16560.9    	1.3695   	1294.78    	116.933	197	11 	15.0261
289	158   	378.708    	19852.6    	1.3695   	1785.05    	116.153	213	5  	17.341 
290	191   	462.355    	19852.6    	1.3695   	2120.01    	116.647	229	5  	20.9557
291	171   	426.988    	19798.2    	1.3695   	1951.77    	115.44 	225	3  	23.8209
292	151   	2366.67    	574530     	1.3695   	33315.7    	116.627	199	5  	17.012 
293	179   	588.532    	57310.8    	1.3695   	3699.95    	117.247	225	9  	22.3983
294	158   	3422.18    	843157     	1.3695   	48642.4    	116.98 	191	3  	15.2337
295	180   	264.403    	13303      	1.3695   	1161.26    	116.153	199	3  	17.1912
296	160   	439.799    	19858.8    	1.3695   	1797.13    	115.833	187	7  	16.5203
297	170   	864.899    	168463     	1.3695   	9810.26    	116.427	227	7  	17.3871
298	141   	2200.43    	311364     	1.3695   	22584.3    	116.473	229	5  	18.719 
299	151   	37474.6    	1.11518e+07	1.3695   	642758     	115.647	225	5  	17.1152
300	171   	430.261    	12505.3    	1.3695   	1640.44    	116.293	229	5  	19.8684
301	168   	390.45     	17234.9    	1.3695   	1599.11    	117.06 	229	5  	23.6685
302	164   	303.341    	12484.6    	1.3695   	1218.26    	116.4  	229	5  	17.4871
303	161   	458.892    	30253.3    	1.3695   	2396.96    	117.12 	207	27 	16.5017
304	143   	252.898    	7424.72    	1.3695   	1036.74    	118.2  	233	3  	21.4159
305	154   	501.149    	27583.8    	1.3695   	2160.1     	117.58 	203	3  	20.3076
306	163   	8451.67    	2.40192e+06	1.3695   	138462     	118.487	187	67 	14.8383
307	158   	308.221    	17258.9    	1.3695   	1373.14    	117.147	193	5  	18.9864
308	176   	41812.2    	1.24948e+07	1.3695   	720177     	117.947	203	31 	17.1576
309	167   	1.52518e+30	4.57553e+32	1.3695   	2.63728e+31	117.36 	189	5  	18.0902
310	187   	365.927    	11090.2    	1.3695   	1272.41    	116.593	189	5  	19.8617
311	182   	2495.91    	576644     	1.3695   	33370      	117.787	193	5  	19.5064
312	166   	162.019    	6254.16    	1.15154  	757.657    	117.06 	169	3  	14.5569
313	155   	281.556    	8284.62    	1.3695   	1010.34    	116.247	203	7  	16.1767
314	160   	2157.44    	574480     	1.3695   	33112.7    	115.58 	161	11 	14.4166
315	161   	329.754    	16108.4    	1.3695   	1516.75    	114.98 	217	17 	16.7264
316	160   	421.502    	17234.9    	1.3695   	1745       	115.44 	227	5  	18.5959
317	173   	180.39     	6885.97    	1.3695   	803.829    	116.833	199	35 	13.2579
318	170   	247.6      	17563.1    	1.3695   	1269.99    	115.947	227	7  	18.024 
319	158   	41888.9    	1.24948e+07	1.3695   	720173     	117.013	227	7  	13.6626
320	147   	419.069    	17234.9    	1.17649  	1870.93    	116.373	229	5  	19.5804
321	163   	373.227    	17234.9    	1.3695   	1619.74    	115.14 	215	5  	18.3505
322	188   	292.777    	17234.9    	1.3695   	1321.5     	115.093	225	3  	22.2978
323	162   	246.952    	13531      	1.3695   	1098.7     	115.853	189	3  	15.6867
324	170   	223.842    	17234.9    	1.3695   	1271.75    	115.94 	229	5  	14.7516
325	159   	335.225    	17209.4    	1.3695   	1693       	115.94 	189	45 	11.0482
326	172   	309.075    	17409.2    	1.3695   	1362.17    	114.667	201	3  	19.0675
327	174   	1045.92    	166584     	1.3695   	9797.81    	115.82 	221	7  	20.6871
328	179   	465.884    	27583.8    	1.3695   	2114.82    	116.373	207	25 	16.8991
329	164   	364.615    	16173.5    	1.3695   	1828.03    	116.567	211	35 	15.7814
330	161   	441.494    	16162.3    	1.3695   	1731.58    	116.693	231	5  	21.045 
331	163   	54749.7    	1.63321e+07	1.3695   	941343     	117.933	231	7  	19.1836
332	155   	8307.11    	2.40192e+06	1.3695   	138431     	116.5  	229	5  	19.5749
333	156   	566.826    	57341.2    	1.3695   	3977.41    	116.98 	207	27 	15.756 
334	150   	338.612    	17563.1    	1.3695   	1590.16    	116.433	215	3  	17.8784
335	164   	973.26     	168449     	1.3695   	9824.95    	117.8  	219	15 	21.4706
336	137   	262.148    	17234.9    	1.3695   	1335.23    	117.067	223	7  	19.202 
337	181   	349.221    	9276.9     	1.3695   	1235.55    	116.14 	183	3  	15.6433
338	163   	1.52518e+30	4.57553e+32	1.3695   	2.63728e+31	116.867	187	5  	16.8581
339	177   	8333.29    	2.40161e+06	1.3695   	138411     	116.26 	221	5  	21.321 
340	160   	287.822    	17234.9    	1.3695   	1350.56    	116.873	175	3  	14.9487
341	177   	398.969    	18207.2    	1.3695   	1780.04    	116.473	193	47 	15.5084
342	151   	194.999    	6922.42    	1.3695   	787.876    	116.347	207	7  	18.8955
343	164   	271.657    	9608.82    	1.3695   	1130.42    	115.807	227	7  	19.2867
344	182   	415.394    	17250.5    	1.3695   	1765.44    	117.353	227	5  	20.7607
345	165   	449.052    	25936.7    	1.3695   	2397.07    	117.013	163	7  	13.3606
346	178   	436.793    	13093.4    	1.3695   	1636       	117.58 	159	77 	14.0027
347	182   	301.391    	10441.1    	1.30013  	1212.49    	115.727	233	3  	20.212 
348	158   	215.751    	9557.53    	1.30013  	1018.4     	116.627	223	5  	17.1455
349	179   	268.69     	14268      	1.30013  	1357.4     	116.907	157	17 	13.4002
350	178   	336.234    	17234.9    	1.30013  	1464.77    	117.14 	177	47 	13.1492
351	154   	393.164    	22090.9    	1.30013  	1812.19    	116.893	159	3  	14.3514
352	157   	2129.48    	573543     	1.30013  	33057.2    	116.793	201	7  	15.8484
353	167   	456.554    	40763.6    	1.28971  	2638.34    	117.867	221	5  	18.0834
354	165   	438.375    	27583.8    	1.28971  	2139.7     	117.813	221	17 	16.8358
355	152   	254.341    	6912.7     	1.28971  	953.932    	119.447	219	19 	16.198 
356	158   	2267.91    	573383     	1.28971  	33055.4    	118.46 	227	3  	20.5638
357	158   	511.543    	17307      	1.28971  	2041.78    	121.413	225	5  	19.0225
358	173   	313.62     	17234.9    	1.28971  	1608.2     	122.893	241	3  	19.1782
359	171   	9713.32    	2.80624e+06	1.28971  	161738     	122.62 	221	7  	20.3752
360	175   	567.857    	14228.7    	1.28971  	1903.61    	123.74 	201	5  	21.2402
361	180   	246.957    	8638.91    	1.28971  	999.144    	124.733	169	3  	18.7057
362	163   	255.81     	13810.6    	1.27652  	1194.31    	126    	223	5  	16.7583
363	174   	3558.17    	994005     	1.27652  	57289.7    	126.6  	171	47 	14.5648
364	186   	386.657    	25877.6    	1.27652  	1831.72    	126.827	251	3  	23.3768
365	167   	51577.3    	1.53679e+07	1.2084   	885765     	128.02 	215	7  	18.6186
366	163   	1902.81    	457650     	1.2084   	26434.4    	130.093	183	5  	19.4417
367	173   	279.694    	31616.8    	1.2084   	1955.97    	133.1  	213	7  	18.4767
368	169   	330.546    	8518.17    	1.2084   	1288.71    	132.453	209	5  	25.3355
369	187   	374.276    	17230.4    	1.19642  	1490.94    	136.987	209	5  	21.9842
370	151   	218.757    	7741.49    	1.19642  	943.563    	139.447	207	3  	24.353 
371	174   	154.024    	6254.16    	1.20217  	777.582    	141.827	241	5  	23.8514
372	158   	218.523    	13187.3    	1.19933  	1096.37    	145.567	215	47 	21.6478
373	176   	226.845    	14162      	1.19933  	1136.87    	146.133	199	9  	20.1533
374	158   	232.935    	6781.26    	1.19933  	983.256    	145.873	191	3  	22.1323
375	151   	295.494    	34711.1    	1.19933  	2133.19    	149.36 	213	3  	20.421 
376	150   	320.953    	49842.8    	1.19933  	2940.52    	149.1  	219	7  	21.6235
377	156   	245.176    	8654.5     	0.801335 	1130.08    	150.94 	197	49 	16.1066
378	166   	360.355    	25463.5    	0.881009 	2102.37    	151.967	199	7  	18.3583
379	188   	2465.65    	694023     	0.881009 	40001.1    	154.88 	197	45 	16.1092
380	175   	224.562    	12609.9    	0.881009 	1124.67    	152.74 	207	5  	20.5485
381	141   	217.728    	13596.1    	1.14543  	1121.05    	155.233	201	5  	17.4863
382	146   	167.963    	9287.94    	1.14543  	820.984    	154.367	235	3  	24.6774
383	179   	261.489    	13078.6    	1.14543  	1226.62    	154.887	229	3  	21.3367
384	154   	394.286    	54236.7    	1.14543  	3306.01    	156.347	199	77 	16.9352
385	170   	267.838    	18723.8    	1.14543  	1588.82    	157.207	207	3  	18.1842
386	164   	193.839    	15135.6    	1.14543  	1124.62    	156.7  	211	77 	18.2414
387	178   	295.671    	18840.6    	0.807398 	1564.95    	157.247	207	93 	16.5281
388	158   	241.8      	18888.8    	0.807398 	1307.6     	154.333	211	3  	21.9322
389	177   	432.315    	36777.2    	0.807398 	2572.94    	149.847	241	3  	28.5805
390	165   	310.772    	18323      	0.807398 	1562.72    	148.553	203	3  	19.6306
391	156   	7557.28    	2.17798e+06	0.807398 	125527     	145.493	227	11 	21.1773
392	165   	2687.42    	698323     	0.807398 	40290.5    	143.847	205	3  	17.7348
393	171   	598.222    	33361.7    	0.807398 	3106.9     	143.053	275	7  	24.3595
394	164   	289.313    	26173      	0.807398 	1726.76    	144.42 	205	41 	16.5335
395	174   	2549.55    	698323     	0.357157 	40248.2    	143.007	245	5  	21.9851
396	173   	313.799    	22312.8    	0.681002 	1648.22    	144.24 	201	7  	18.3189
397	174   	278.506    	22015.1    	0.681002 	1519.39    	147    	231	5  	19.9239
398	152   	255.878    	21419.3    	0.470644 	1599.26    	147.693	239	5  	20.2879
399	163   	1989.71    	458117     	0.432511 	26514.7    	152.413	239	77 	18.9709
400	122   	7506.53    	2.17968e+06	0.432511 	125630     	156.073	255	5  	21.3837
401	183   	528.669    	20909.5    	0.432511 	2283.58    	159.2  	239	5  	27.9015
402	173   	407.497    	28624.4    	0.432511 	2428.63    	165.647	241	57 	24.9922
403	185   	380.881    	35131.4    	0.432511 	2565.83    	173.34 	247	5  	28.6901
404	161   	421.38     	36336.3    	0.384001 	2848.87    	182.76 	249	3  	25.3734
405	147   	333.564    	26240.8    	0.357157 	2185.92    	185.4  	279	21 	26.3464
406	172   	318.099    	20107.5    	0.357157 	1524.86    	188.687	239	19 	20.6732
407	171   	162.193    	26028.6    	0.357157 	1560.75    	188.193	271	5  	24.6393
408	150   	228.851    	26277.7    	0.357157 	1661.86    	192.18 	263	5  	26.0381
409	176   	806.921    	167369     	0.357157 	9757.53    	195.647	287	65 	19.6698
410	150   	229.724    	21229.6    	0.357157 	1645.82    	196.007	281	97 	20.5417
411	161   	4227.3     	1.19842e+06	0.298359 	69073      	197.62 	253	87 	21.7814
412	199   	308.393    	22267.8    	0.298359 	1582.53    	193.187	235	7  	23.2136
413	157   	213.981    	8664.33    	0.298359 	984.751    	190.273	261	73 	23.2561
414	166   	432.146    	38950.3    	0.26393  	2659.6     	188.38 	291	7  	24.4454
415	165   	311.008    	24291.2    	0.253003 	1767.69    	182.713	267	5  	32.2517
416	173   	160.411    	11295.5    	0.253003 	859.26     	183.22 	253	9  	23.7485
417	185   	14793.5    	2.17955e+06	0.253003 	177348     	183.753	253	5  	25.8649
418	181   	131.097    	6254.26    	0.253003 	676.48     	182.6  	253	11 	28.9224
419	164   	189.717    	13990.6    	0.253003 	1003.32    	187    	273	5  	28.8222
420	165   	173.687    	6876.46    	0.253003 	764.665    	191.713	259	3  	25.143 
421	156   	195.42     	26014.8    	0.253003 	1604.39    	195.453	239	103	19.7675
422	163   	353.607    	40845.7    	0.229828 	2693.2     	198.673	247	95 	20.2303
423	163   	166.636    	10432.7    	0.229828 	868.225    	201.507	229	9  	18.4386
424	168   	254.736    	10443.7    	0.229828 	1154.45    	200.707	281	3  	25.0805
425	172   	27933.5    	8.213e+06  	0.229828 	473402     	202.34 	255	5  	21.3155
426	158   	222.975    	6294.63    	0.210808 	913.818    	200.88 	287	7  	28.3283
427	176   	328.888    	52832.9    	0.210808 	3206.48    	202.3  	257	117	18.3515
428	152   	156.048    	6345.38    	0.229828 	821.698    	205.3  	269	119	12.5901
429	166   	250.631    	14011.3    	0.229828 	1154.86    	202.62 	259	5  	21.7538
430	160   	209.211    	6258.17    	0.22146  	865.982    	202.2  	257	17 	22.466 
431	166   	2197.58    	609290     	0.197211 	35125.9    	202.847	259	3  	21.6614
432	187   	530.849    	103809     	0.197211 	6064.76    	201.227	253	5  	26.8324
433	186   	358.572    	26111.1    	0.197211 	1942.81    	202.893	261	97 	21.6349
434	154   	12323.6    	3.65363e+06	0.197211 	210584     	205.86 	259	77 	20.3429
435	180   	123.755    	6194.7     	0.197211 	614.69     	207.127	269	53 	20.936 
436	164   	205.9      	8633.21    	0.197211 	982.373    	206.827	269	9  	27.1793
437	177   	204.639    	13318      	0.197211 	1153.54    	210.773	279	3  	25.747 
438	160   	222.6      	29197.7    	0.196015 	1821.43    	213.26 	295	5  	23.7161
439	169   	267.434    	25587.9    	0.196015 	2008.77    	215.007	283	67 	21.0457
440	162   	258.564    	23042.7    	0.160486 	1723.78    	217.207	275	125	17.7553
441	165   	172.074    	6198.64    	0.196015 	835.799    	217.113	259	11 	22.6998
442	192   	902.405    	245391     	0.176322 	14144.8    	218.067	287	135	18.5755
443	162   	183.674    	7959.93    	0.196015 	859.353    	215.74 	261	7  	26.3155
444	171   	148.61     	6198.64    	0.160486 	725.003    	216.833	295	85 	20.344 
445	174   	585.422    	131247     	0.160486 	7610       	215.453	281	19 	24.4923
446	158   	171.088    	6269.31    	0.160486 	774.333    	217.06 	259	3  	21.4603
447	178   	115.198    	8543.07    	0.160486 	630.348    	215.2  	273	101	20.3473
448	155   	469.135    	71165.8    	0.160486 	4263.52    	213.653	279	5  	22.9562
449	148   	97.4144    	6297.61    	0.160486 	527.046    	214.213	295	11 	22.0821
450	170   	150.381    	6375.23    	0.160486 	754.768    	213.407	279	5  	24.2917
451	158   	147.193    	7378.98    	0.160486 	688.362    	213.193	277	7  	23.3342
452	155   	218.322    	14673      	0.160486 	1274.93    	213.38 	283	105	20.7217
453	152   	153.249    	11673.7    	0.160486 	901.976    	212.34 	285	3  	26.6389
454	170   	132.124    	6254.16    	0.160486 	690.167    	211.947	277	5  	26.0094
455	177   	211.465    	10144.7    	0.160486 	985.608    	210.547	289	5  	30.2603
456	152   	233.496    	24899.8    	0.160486 	1597.49    	211.76 	273	99 	20.5617
457	173   	203.696    	11986.9    	0.135045 	1102.65    	213.827	289	5  	19.9876
458	143   	182.247    	6997.51    	0.135045 	893.547    	213.433	273	5  	19.7508
459	157   	264.844    	25838.9    	0.135045 	1795.77    	213.16 	253	9  	19.8636
460	165   	137.796    	13782.4    	0.135045 	942.902    	211.933	255	17 	21.209 
461	183   	237.429    	12617.9    	0.135045 	1149.08    	210.5  	253	3  	27.9285
462	170   	488.911    	91123.4    	0.135045 	5310.24    	210.82 	261	5  	26.1336
463	164   	172.771    	7393.38    	0.135045 	780.955    	213.893	253	7  	18.9653
464	161   	207.606    	6270.13    	0.119304 	895.753    	212.373	263	105	19.6959
465	163   	208.291    	10575.4    	0.119304 	1021.98    	213.467	255	125	17.4271
466	153   	136.321    	8869.89    	0.119304 	753.223    	212.52 	261	3  	26.9629
467	158   	174.034    	23477.1    	0.119304 	1430.05    	214.707	277	103	19.8755
468	146   	200.836    	10330.7    	0.119304 	973.56     	214.713	279	5  	25.8717
469	154   	170.021    	12730.9    	0.119304 	980.15     	216.5  	287	5  	23.0276
470	151   	191.316    	12730.9    	0.119304 	1022.66    	216.36 	289	129	18.9249
471	154   	117.906    	6269.68    	0.119304 	591.133    	213.653	275	5  	19.8837
472	160   	481.714    	112933     	0.119304 	6539.14    	208.587	283	5  	27.9917
473	178   	187.667    	11775.8    	0.119304 	1031.09    	206.14 	247	27 	20.9735
474	172   	250.433    	14434.1    	0.119304 	1333.89    	203.207	269	27 	22.8105
475	155   	236.334    	13169.5    	0.119304 	1239.3     	202.42 	235	3  	25.6473
476	159   	190.027    	10472.8    	0.119304 	928.471    	203.96 	267	89 	16.7956
477	153   	209.569    	6303.18    	0.119304 	953.684    	203.833	267	9  	21.4311
478	163   	179.981    	6943.96    	0.119304 	758.953    	202.613	273	5  	23.1956
479	173   	383.025    	29743.8    	0.119304 	2325.34    	202.493	275	43 	20.9102
480	190   	2512.41    	695175     	0.118336 	40066.1    	202.6  	261	129	17.2951
481	163   	688.03     	170740     	0.118336 	9861.59    	199.667	247	3  	24.769 
482	169   	146.708    	8294.91    	0.118336 	810.953    	203.293	247	89 	15.7952
483	143   	715.813    	146367     	0.0707713	8611.81    	204.08 	277	103	15.9359
484	156   	92.5483    	5090.1     	0.0707713	479.438    	201.773	241	11 	21.1096
485	164   	219.255    	7639.39    	0.0707713	924.279    	203.433	263	69 	17.2097
486	161   	2185.62    	442868     	0.0707713	27265      	202.587	245	89 	17.4895
487	166   	137.186    	5989.99    	0.0707713	685.984    	203.94 	257	89 	14.8372
488	189   	203.371    	8427.61    	0.0707713	979.392    	198.58 	269	5  	27.7483
489	165   	616.654    	107755     	0.0707713	6278.89    	202.467	257	3  	21.7245
490	164   	318.394    	19576.6    	0.0707713	1607.63    	201.413	279	19 	22.7236
491	163   	2270.81    	442984     	0.0707713	27283.6    	204.267	249	5  	21.2708
492	175   	262.743    	32442.8    	0.0707713	1978.4     	204.467	277	15 	21.9735
493	168   	610.948    	111687     	0.0707713	6551.53    	205.24 	277	5  	22.5086
494	205   	247.195    	11769.9    	0.0707713	1356.3     	205.413	285	5  	23.457 
495	148   	185.871    	6915.16    	0.0707713	841.302    	206.087	247	11 	18.9745
496	153   	288.373    	20390.1    	0.0632491	1499.73    	204.773	235	43 	21.6377
497	130   	73.0971    	6254.16    	0.0632491	511.214    	206.72 	269	3  	22.6304
498	153   	164.402    	14002.5    	0.0632491	1105.9     	204.807	239	3  	24.7855
499	175   	182.478    	8682.91    	0.0632491	833.358    	205.367	269	19 	20.9007
500	155   	273.477    	13308.1    	0.0632491	1361.06    	204.94 	265	5  	23.0913
--------------------------------------------------------------------------------

Best individual:
Required sequence: 2, 8, 20, 28, 50, 82, 126
Actual sequence:   2.219337763667268, 7.788766918956142, 19.695574731250993, 28.092908859894326, 49.8532454069952, 82.46624364944287, 125.90106229955443


Best algorithm: mul(n, add(add(add(add(add(n, add(add(n, sub(-1, pi)), n)), pdiv(pdiv(add(n, sub(-1, pi)), add(add(n, -1), sub(-1, pi))), n)), pdiv(add(n, sub(-1, pi)), add(add(n, add(n, sub(-1, pi))), mul(-1, pi)))), pdiv(add(n, sub(-1, pi)), add(sub(-1, pi), mul(-1, add(n, pdiv(add(add(pi, pdiv(add(n, add(add(n, -1), sub(add(sub(-1, pi), n), pi))), add(sub(-1, pi), add(pdiv(n, add(sub(-1, pi), add(sub(-1, pi), n))), n)))), add(pi, pdiv(add(n, -1), add(add(add(n, add(add(n, -1), sub(-1, pi))), -1), sub(-1, pi))))), add(sub(-1, pi), n))))))), pdiv(pdiv(add(n, sub(-1, pi)), add(add(n, pdiv(add(add(n, add(add(n, sub(-1, pi)), n)), pdiv(pdiv(pdiv(pi, add(add(n, -1), mul(-1, add(n, pdiv(mul(-1, pi), add(sub(-1, pi), n)))))), add(add(n, sub(-1, pi)), sub(-1, pi))), n)), add(add(pdiv(add(n, add(add(n, -1), sub(-1, pi))), add(add(n, -1), sub(-1, pi))), n), add(n, mul(-1, pi))))), sub(sub(-1, pi), pi))), n)))

Failed!