   	      	            fitness            	              size             
   	      	-------------------------------	-------------------------------
gen	nevals	avg    	max    	min  	std    	avg    	max	min	std    
0  	500   	189.721	279.5  	84   	27.3096	3.54   	8  	2  	1.55448
1  	291   	174.047	306    	84   	31.3509	3.44   	14 	1  	1.71651
2  	262   	155.214	377    	7.375	32.9037	3.114  	10 	1  	1.6556 
3  	266   	140.757	279.5  	7.375	26.1094	2.846  	11 	1  	1.72113
4  	272   	126.623	377    	7.375	33.6775	3.206  	18 	1  	2.23597
5  	303   	110.725	480.5  	7.375	47.5635	3.964  	18 	1  	2.86404
6  	265   	110.212	8106.38	5    	366.768	4.432  	18 	1  	3.33787
7  	294   	129.829	8106.38	5    	606.816	4.45   	20 	1  	3.26917
8  	276   	270.316	15164.4	5    	1358.56	4.424  	18 	1  	2.60465
9  	260   	357.251	8106.38	5    	1540.39	4.38   	16 	1  	1.89726
10 	276   	576.705	9008.38	5    	2006.15	4.384  	15 	1  	1.67468
11 	299   	522.953	8106.38	5    	1911.14	4.388  	13 	1  	1.66297
12 	269   	398.099	8117.25	5    	1650.06	4.78   	18 	1  	2.02771
13 	265   	283.339	8117.25	5    	1334.2 	5.476  	17 	1  	2.46687
14 	262   	324.464	8117.25	5    	1406.8 	6.792  	18 	1  	3.13317
15 	264   	150.106	8117.25	5    	815.876	7.996  	21 	2  	3.14706
16 	275   	95.3465	7283   	3.625	570.908	9.2    	25 	2  	3.20998
17 	287   	172.075	8117.25	3.625	945.76 	9.748  	22 	1  	3.60895
18 	279   	263.76 	80660  	3.625	3648.4 	10.12  	22 	1  	3.65207
19 	303   	109.086	8117.25	3.625	713.199	10.59  	28 	2  	3.95347
20 	281   	122.049	16585.5	3.625	933.403	11.05  	29 	1  	4.36068
21 	286   	141.547	8117.25	3.625	817.38 	11.506 	34 	2  	4.86065
22 	277   	105.861	7283   	3.625	657.704	11.86  	31 	1  	5.48055
23 	269   	99.347 	8117.25	3.625	672.599	11.956 	37 	1  	5.61552
24 	295   	105.549	7283   	3.625	656.652	12.808 	37 	1  	6.64734
25 	270   	91.4627	7970.62	2.5  	587.661	12.252 	37 	1  	6.45077
26 	294   	113.945	8117.25	2.5  	701.436	12.25  	45 	1  	6.82902
27 	271   	183.274	8117.25	2.5  	988.234	11.41  	44 	1  	6.82656
28 	266   	130.525	8117.25	1.875	837.586	9.69   	39 	1  	6.30729
29 	282   	321.358	7970.62	1.875	1446.42	8.184  	38 	1  	4.73816
30 	306   	302.272	7970.62	1.875	1382.13	8.03   	29 	1  	3.79804
31 	278   	226.61 	7981.25	1.875	1143.76	9.318  	33 	1  	4.49098
32 	290   	128.441	7970.62	1.875	807.398	10.258 	33 	1  	4.49349
33 	257   	277.265	7981.25	1.875	1303.17	10.446 	40 	1  	4.88662
34 	287   	145.256	7836.88	1.875	912.135	9.252  	37 	1  	3.89108
35 	279   	238.335	7836.88	1.875	1211.37	8.466  	32 	1  	3.03065
36 	268   	216.295	7836.88	1.875	1151.8 	8.346  	25 	1  	2.70966
37 	303   	222.638	7970.62	1.875	1139.77	8.478  	24 	1  	3.0577 
38 	280   	248.797	7836.88	1.875	1256.38	8.736  	24 	1  	3.41091
39 	288   	235.891	7836.88	1.875	1205.88	8.754  	34 	2  	3.44811
40 	264   	191.591	7836.88	1.875	1118.15	8.79   	26 	1  	3.62186
41 	268   	128.018	7836.88	1.875	860.526	8.58   	23 	1  	3.0423 
42 	287   	213.778	7836.88	1.875	1145.32	8.416  	29 	1  	2.96225
43 	271   	267.634	7836.88	1.875	1286.81	8.63   	25 	1  	3.19892
44 	297   	366.566	7970.62	1.875	1521.12	8.868  	27 	1  	3.9241 
45 	290   	289.361	7836.88	1.875	1332.24	9.042  	33 	1  	4.14394
46 	274   	196.935	7836.88	1.875	1070.89	8.816  	33 	1  	3.77811
47 	256   	270.909	7836.88	1.875	1288.78	9.004  	33 	1  	3.97291
48 	326   	216.943	7836.88	1.875	1134.19	8.864  	35 	1  	4.35999
49 	272   	204.141	7836.88	1.875	1121.62	9.15   	37 	1  	4.7644 
50 	277   	222.597	7836.88	1.875	1190.28	9.346  	37 	2  	4.92324
51 	289   	223.833	7836.88	1.875	1170.14	9.322  	45 	1  	4.75839
52 	266   	331.995	93946.2	1.875	4287.18	9.69   	37 	1  	5.24689
53 	273   	220.015	7836.88	1.875	1146.34	9.65   	38 	1  	5.70118
54 	273   	187.986	7836.88	1.875	1077.91	9.852  	38 	2  	5.55285
55 	267   	222.726	7836.88	1.875	1219.56	10.188 	37 	1  	5.95253
56 	256   	124.957	7836.88	1.875	832.501	9.908  	37 	1  	5.81339
57 	252   	145.78 	7836.88	1.875	936.935	9.988  	38 	1  	6.25459
58 	287   	146.274	7836.88	1.875	936.886	9.744  	45 	1  	6.17596
59 	258   	253.362	7836.88	1.875	1260.41	9.292  	42 	1  	5.35861
60 	253   	136.963	7003.88	1.875	863.772	9.626  	42 	1  	6.03309
61 	301   	153.73 	7836.88	1.875	936.366	9.87   	43 	1  	6.64087
62 	272   	180.729	7836.88	1.875	1024.97	9.646  	43 	2  	6.33093
63 	272   	171.305	7836.88	1.875	1040.76	9.84   	54 	1  	6.68539
64 	248   	144.349	7836.88	1.875	947.519	9.562  	43 	1  	5.49783
65 	303   	183.493	7836.88	1.875	1045.36	9.788  	42 	1  	5.91059
66 	283   	134.456	11723.9	1.875	941.615	9.946  	59 	1  	6.4043 
67 	287   	269.488	7836.88	1.875	1296.91	10.766 	59 	1  	8.04632
68 	269   	197.29 	7836.88	1.875	1079.83	11.236 	59 	1  	8.83087
69 	285   	220.458	49059  	1.875	2392.09	10.974 	59 	1  	8.09971
70 	278   	276.988	7970.62	1.875	1315.63	11.238 	61 	1  	8.18201
71 	269   	192.821	7836.88	1.875	1088.05	11.786 	57 	1  	8.32275
72 	277   	206.91 	12982.6	1.875	1232.04	12.346 	57 	1  	9.27202
73 	274   	201.838	7836.88	1.875	1109.25	11.818 	57 	1  	8.5004 
74 	259   	153.029	13160.4	1.875	1022.25	12.694 	57 	2  	9.95672
75 	281   	1173.25	518722 	1.875	23186.6	14.032 	58 	1  	11.1814
76 	292   	145.693	7836.88	1.875	904.451	15.232 	58 	1  	12.1413
77 	258   	261.93 	63184  	1.875	2952.12	15.482 	60 	1  	12.457 
78 	283   	242.487	12806.9	1.875	1276.09	16.484 	61 	1  	12.6454
79 	277   	148.458	7836.88	1.875	915.284	17.496 	61 	1  	13.6042
80 	299   	526.105	49059  	1.875	4009.08	17.548 	60 	1  	13.3354
81 	247   	105.988	9710.88	1.875	817.829	19.224 	66 	2  	13.9458
82 	261   	140.637	13940.9	1.875	1008   	19.934 	60 	1  	14.4382
83 	274   	1289.89	518722 	1.875	23349.9	21.396 	81 	1  	14.4388
84 	264   	149.847	11890.6	1.875	995.44 	22.616 	96 	1  	14.5984
85 	273   	1024.8 	472240 	1.875	21104.1	23.06  	70 	2  	15.2188
86 	283   	187.181	49059  	1.875	2300.45	24.046 	68 	2  	14.9887
87 	293   	89.465 	13160.4	1.875	815.614	23.886 	74 	1  	14.7866
88 	258   	1007.44	438902 	1.875	19623.9	25.138 	68 	1  	15.3071
89 	274   	1235.27	529499 	1.875	23759.2	25.748 	76 	1  	15.1404
90 	271   	168.167	49059  	1.5  	2276.02	27.088 	87 	1  	15.8932
91 	271   	54.9267	7836.88	1.5  	546.465	27.79  	82 	2  	16.3215
92 	286   	54.8822	7836.88	1.5  	552.554	28.704 	82 	1  	16.8052
93 	285   	896.236	396894 	1.375	17751  	28.628 	94 	1  	17.7201
94 	272   	954.209	420884 	1.375	18820.9	28.338 	97 	1  	17.5494
95 	255   	18.479 	2300.5 	1.375	117.81 	30.188 	99 	2  	19.4384
96 	264   	87.4507	7836.88	1.375	691.885	31.406 	104	1  	20.3787
97 	265   	118.109	8720.88	1.375	869.889	32.608 	119	2  	20.35  
98 	268   	89.9985	7836.88	1.375	708.698	31.758 	98 	2  	19.8188
99 	285   	111.932	7913.38	1.125	843.093	31.68  	101	2  	19.4784
100	279   	12.3317	328.75 	1.125	43.6271	28.89  	101	2  	18.6076
101	307   	34.0415	7045.5 	1.125	322.188	26.164 	93 	1  	16.01  
102	237   	57.609 	7045.5 	1.125	501.909	27.402 	80 	1  	16.4345
103	284   	2148.21	530158 	0.625	33431.8	30.526 	98 	2  	18.1275
104	295   	43.062 	6953.38	0.625	440.699	30.738 	93 	2  	17.4092
105	270   	47.2238	7913.38	0.375	501.484	29.546 	86 	1  	14.6008
106	290   	42.79  	7781.12	0.375	439.734	28.122 	77 	1  	10.5888
107	289   	28.3483	6953.38	0.375	314.077	28.978 	77 	2  	9.88906
108	260   	43.3162	7857.62	0.375	461.441	32.088 	79 	1  	10.5751
109	261   	14.9695	263.5  	0.375	52.0301	34.706 	84 	2  	9.79467
110	302   	29.394 	7857.62	0.375	353.896	36.97  	87 	2  	10.2865
111	271   	11.39  	266.75 	0.375	44.5302	37.28  	84 	1  	9.81048
112	285   	23.591 	7857.62	0.375	352.782	38.018 	93 	3  	9.88725
113	275   	24.7922	7026.12	0.375	316.282	38.532 	95 	2  	11.8007
114	269   	10.4507	437.875	0.375	45.6871	37.362 	98 	1  	11.6213
115	280   	13.6003	278.625	0.375	49.2936	36.606 	92 	1  	11.8143
116	240   	27.9007	7862.12	0.375	353.827	37.24  	92 	2  	13.0019
117	313   	34.6195	7609.5 	0.375	348.864	36.13  	91 	2  	12.1107
118	275   	9.67075	310    	0.375	42.0316	38.126 	100	2  	13.469 
119	257   	12.8722	981.375	0.375	64.8663	38.908 	88 	2  	12.8617
120	277   	8.3065 	251.25 	0.375	40.0591	40.412 	90 	3  	13.0443
121	310   	10.8127	344.25 	0.375	44.7868	41.954 	90 	1  	15.0534
122	289   	26.9677	6574.62	0.375	303.681	42.972 	95 	1  	14.8489
123	282   	9.5635 	1007.38	0.375	57.7609	45.076 	119	2  	15.6725
124	288   	25.203 	6574.62	0.375	302.038	46.02  	111	1  	15.5759
125	265   	9.56   	436.75 	0.375	47.0676	47.882 	99 	1  	15.5311
126	267   	10.9645	293    	0.375	45.3725	49.116 	97 	1  	16.0373
127	276   	7.48475	251.25 	0.375	36.8489	50.47  	120	4  	16.8082
128	293   	11.2338	1007.38	0.375	61.692 	51.666 	121	1  	18.2096
129	276   	12.9413	1031.38	0.375	76.8483	52.138 	120	2  	18.999 
130	258   	38.9195	7862.12	0.375	497.087	56.208 	162	2  	20.2902
131	290   	38.2045	7862.12	0.375	472.036	57.658 	113	1  	19.9568
132	267   	22.2045	6786.75	0.375	308.034	57.616 	120	3  	19.5263
133	255   	8.514  	328.75 	0.375	41.1382	58.082 	120	4  	20.4265
134	273   	5.81225	436.75 	0.375	35.7764	60.06  	124	2  	20.5575
135	280   	9.4665 	391.375	0.375	43.5717	59.394 	126	2  	21.0802
136	281   	11.2118	1099.88	0.375	64.4895	63.074 	126	2  	20.9048
137	263   	21.087 	6574.62	0.375	298.936	63.846 	130	2  	21.7756
138	269   	6.257  	251.25 	0.375	32.2739	65.354 	133	2  	22.5175
139	277   	18.4455	7029.62	0.375	315.016	65.77  	152	2  	21.3019
140	260   	21.4458	7609.5 	0.375	341.437	66.58  	150	1  	21.4901
141	285   	22.559 	7353.62	0.375	330.439	67.35  	150	1  	22.4575
142	265   	7.2085 	436.75 	0.375	40.0908	67.922 	150	2  	21.4795
143	272   	7.31725	672.125	0.375	46.8792	69.686 	155	5  	21.8574
144	288   	19.7978	7029.62	0.375	315.482	68.166 	152	3  	22.2732
145	257   	24.7297	7364.12	0.375	334.159	70.116 	180	4  	22.8421
146	270   	7.23475	251.25 	0.375	36.2887	68.832 	153	2  	23.7769
147	257   	5.64375	306    	0.375	32.5119	70.108 	153	7  	23.5076
148	278   	6.9065 	266.75 	0.375	34.8626	72.468 	174	4  	23.9421
149	255   	9.3295 	480.5  	0.375	50.1979	72.198 	148	1  	23.1938
150	265   	7.989  	263.5  	0.375	38.2661	73.36  	150	1  	23.4079
151	258   	8.4315 	1007.38	0.375	55.8536	72.776 	148	1  	23.7315
152	268   	21.9153	7609.5 	0.375	342.59 	74.596 	147	1  	23.7993
153	281   	18.9932	6036.62	0.375	274.166	75.014 	148	2  	23.9181
154	291   	25.9605	7862.12	0.375	353.634	71.78  	158	1  	25.2171
155	272   	6.34825	798    	0.375	48.1394	74.1   	158	4  	22.8079
156	258   	9.647  	328.75 	0.375	43.9823	74.15  	160	4  	22.9561
157	266   	23.1818	7862.12	0.375	353.09 	75.218 	160	1  	23.7554
158	283   	5.136  	251.25 	0.375	29.4713	75.536 	160	2  	23.7833
159	283   	5.8885 	324.5  	0.375	33.5563	76.138 	146	2  	23.0784
160	273   	7.88775	279.5  	0.375	38.2309	76.888 	143	2  	23.6397
161	276   	2.2055 	212.75 	0.375	17.5618	79.506 	153	7  	23.689 
162	269   	21.8618	7364.12	0.375	333.113	78.64  	145	2  	24.3711
163	294   	9.41375	1007.38	0.375	58.5978	79.758 	145	1  	24.7008
164	269   	5.353  	296.75 	0.375	31.9372	79.844 	144	11 	24.6526
165	281   	21.0413	7862.12	0.375	352.199	80.392 	156	2  	27.441 
166	267   	3.75975	279.5  	0.375	25.375 	83.796 	155	2  	27.7703
167	266   	5.933  	975.625	0.375	51.9352	86.696 	171	12 	28.2362
168	287   	4.59075	319.5  	0.375	29.5749	86.546 	179	2  	28.8244
169	275   	6.03325	344.25 	0.375	35.3501	87.532 	172	2  	31.0185
170	271   	19.4973	6574.62	0.375	295.362	89.76  	172	1  	31.6544
171	261   	5.391  	514.75 	0.375	34.6051	90.18  	157	1  	31.1801
172	254   	4.654  	344.25 	0.375	30.5667	91.514 	158	2  	32.1792
173	288   	22.8298	7377.12	0.375	332.114	90.972 	210	2  	33.0396
174	291   	6.77925	516.75 	0.375	40.4617	92.856 	205	1  	34.5983
175	254   	20.5765	7862.12	0.375	352.604	94.874 	170	7  	34.0366
176	280   	4.14125	344.25 	0.375	28.5401	96.998 	208	2  	34.6385
177	287   	9.18   	406.375	0.375	43.5183	98.862 	182	1  	35.3753
178	309   	3.993  	280.25 	0.375	27.9631	100.146	198	13 	35.2583
179	318   	4.71725	251.25 	0.375	28.4384	98.978 	203	3  	36.4848
180	301   	4.59725	251.25 	0.375	29.4093	102.478	216	21 	34.834 
181	288   	8.71675	712.375	0.375	53.782 	103.128	216	2  	36.2199
182	292   	4.09875	278.625	0.375	27.6174	105.218	216	7  	35.943 
183	271   	5.404  	266.75 	0.375	31.755 	105.374	206	1  	33.5682
184	276   	6.24625	344.25 	0.375	38.0438	104.906	194	2  	33.2828
185	281   	4.96375	295.625	0.375	29.9321	106.968	220	2  	33.5707
186	278   	3.94   	251    	0.375	26.2088	107.758	220	2  	33.7171
187	274   	4.68425	436.75 	0.375	35.4084	107.932	196	2  	32.6081
188	275   	6.71275	436.75 	0.375	41.0392	109.894	200	5  	32.4271
189	270   	10.0605	1007.38	0.375	69.8617	110.708	198	2  	32.6592
190	280   	4.08625	436.75 	0.375	30.4429	111.214	198	3  	30.1573
191	279   	3.033  	280.25 	0.375	24.0009	109.948	211	14 	31.1674
192	292   	5.25625	280.25 	0.375	32.3264	111.318	193	2  	31.9211
193	260   	4.326  	436.75 	0.375	30.9934	110.216	199	1  	32.6274
194	268   	5.555  	311.25 	0.375	32.2586	111.79 	199	2  	33.973 
195	298   	3.1895 	266.75 	0.375	22.5586	111.736	265	2  	31.9752
196	268   	4.31175	251.25 	0.375	26.427 	111.698	225	4  	33.8379
197	264   	5.345  	673.375	0.375	40.2535	112.186	220	2  	32.6178
198	240   	5.09825	358    	0.375	31.7853	110.35 	194	2  	34.1031
199	280   	5.425  	362.75 	0.375	32.4687	109.354	222	1  	34.7367
200	259   	4.28125	251.25 	0.375	26.1551	110.494	230	2  	35.0208
--------------------------------------------------------------------------------

Best individual:
Required sequence: 1, 3, 7, 9, 13, 15, 21, 25, 31, 33, 37, 43, 49, 51, 63, 67, 69, 73, 75, 79, 87, 93, 99, 105, 111, 115, 127, 129, 133, 135, 141, 151, 159, 163, 169, 171, 189, 193, 195, 201, 205, 211, 219, 223, 231, 235, 237, 241, 259, 261, 267, 273, 283, 285, 289, 297, 303
Actual sequence:   1, 3, 7, 10, 13, 16, 21, 24, 27, 30, 34, 37, 40, 43, 46, 49, 52, 56, 59, 62, 65, 68, 71, 74, 78, 81, 84, 87, 90, 93, 96, 100, 103, 106, 109, 112, 115, 118, 122, 125, 128, 131, 134, 137, 140, 144, 147, 150, 153, 156, 159, 162, 166, 169, 172, 175, 178


Best algorithm: round(sub(sub(sub(mul(pi, n), True), lt(sub(if_then_else(False, pi, True), True), round(pdiv(pi, n)))), lt(pdiv(pi, n), round(pdiv(pi, n)))))

Failed!