   	      	                          fitness                          	              size             
   	      	-----------------------------------------------------------	-------------------------------
gen	nevals	avg        	max        	min       	std        	avg    	max	min	std    
0  	300   	3635.11    	6864       	68.5714   	527.945    	3.84   	11 	2  	1.89413
1  	173   	3351.04    	5590.21    	1004.57   	520.531    	3.75667	11 	1  	1.81589
2  	167   	2.1936e+30 	6.58079e+32	1004.57   	3.79308e+31	4      	12 	1  	1.75499
3  	182   	2559.72    	4753.06    	449.782   	774.599    	4.37667	13 	1  	1.76676
4  	173   	2241.52    	22973.9    	129.143   	1714.9     	4.76667	14 	1  	1.9542 
5  	162   	8444.06    	1.00512e+06	129.143   	81667.5    	5.59333	15 	2  	1.72664
6  	164   	51544.9    	1.07498e+07	78.8571   	636655     	6.26667	15 	1  	1.8172 
7  	161   	9360.13    	1.00512e+06	78.8571   	64223.7    	6.58   	15 	1  	1.77678
8  	174   	10437.9    	1.00512e+06	78.8571   	84346.8    	7.01333	14 	1  	1.84205
9  	181   	4175.87    	225449     	78.8571   	23966.5    	7.12   	14 	1  	1.56597
10 	150   	1704.76    	225449     	78.8571   	13320.5    	7.11667	13 	1  	1.30501
11 	156   	1424.28    	50046.9    	78.8571   	4714.54    	7.36333	13 	1  	1.56354
12 	177   	1236.11    	23228.6    	68.5714   	3951.59    	7.86333	17 	1  	1.66873
13 	147   	986.858    	25840      	68.5714   	3693.4     	8.52333	19 	1  	1.84828
14 	145   	761.041    	24514.3    	68.5714   	3388.72    	9.26333	18 	1  	1.86922
15 	182   	1014.26    	33212.6    	68.5714   	4307.9     	9.48333	18 	1  	2.12988
16 	189   	817.468    	33212.6    	68.5714   	3859.41    	10.1533	18 	1  	1.99077
17 	171   	819.262    	25840      	68.5714   	3719.36    	10.6633	16 	1  	1.88591
18 	151   	1150.73    	34762.3    	68.5714   	4433.38    	10.79  	17 	1  	2.21793
19 	169   	1368.68    	34762.3    	65.0706   	5318.74    	10.8533	18 	5  	2.11467
20 	153   	548.751    	34762.3    	65.0706   	3117.58    	11.21  	20 	1  	2.31068
21 	162   	962.204    	34762.3    	65.0706   	4309.54    	11.48  	22 	1  	2.78261
22 	180   	1303.33    	121627     	36.7983   	7916.67    	12.1133	24 	1  	3.40986
23 	145   	1376.45    	26468.8    	36.7983   	4918.87    	12.8867	26 	1  	3.92095
24 	179   	1804.06    	121627     	36.7983   	8353.35    	13.7167	25 	1  	4.26572
25 	165   	2745.87    	122987     	36.7983   	14017.1    	14.5067	30 	2  	4.65152
26 	167   	1914.13    	118971     	30.346    	8695.32    	15.6767	26 	1  	4.30799
27 	182   	3115.19    	145674     	30.346    	14073.2    	15.8433	29 	3  	4.12053
28 	160   	3620.2     	126838     	30.346    	13473.5    	15.6533	28 	1  	4.32047
29 	166   	2888.15    	118742     	30.346    	12162.4    	16.05  	28 	1  	4.11268
30 	169   	3110.85    	122563     	30.346    	12770.4    	16.6467	38 	7  	4.3006 
31 	159   	4474.19    	148846     	30.346    	17768.9    	16.2733	34 	2  	4.66247
32 	144   	1960.12    	118742     	17.3296   	8831.24    	16.87  	35 	1  	4.45119
33 	186   	3459.75    	124735     	17.3296   	12316.2    	17.1033	36 	7  	4.78811
34 	186   	4234.36    	125269     	17.3296   	14291.3    	17.0367	41 	1  	4.738  
35 	160   	4460.09    	146161     	13.3032   	17909.6    	17.29  	34 	1  	4.8579 
36 	179   	5395.02    	166236     	17.3296   	19181.7    	18.0667	48 	2  	5.92528
37 	173   	4227.11    	112292     	17.3296   	13904.4    	19.1   	35 	1  	5.7076 
38 	171   	5169.54    	170007     	17.3296   	19855.7    	20.0733	41 	1  	6.15532
39 	158   	2889.01    	129757     	16.7898   	11074      	20.8767	48 	1  	5.65934
40 	167   	3685.77    	145792     	17.3296   	16704.5    	21.9933	60 	1  	6.32297
41 	154   	6078.84    	170056     	16.827    	21535.4    	22.8533	45 	1  	5.80332
42 	138   	5484.34    	295385     	16.827    	24686.8    	23.1133	44 	3  	6.18712
43 	157   	4279.51    	171821     	16.827    	19593.9    	23.5467	44 	1  	6.33518
44 	180   	6596.97    	149564     	16.7006   	21012.5    	24.3833	45 	1  	6.51483
45 	152   	5004.26    	170520     	16.7006   	21702.4    	24.63  	44 	8  	6.4005 
46 	146   	5572.79    	148369     	13.3032   	21147.6    	24.8867	45 	2  	6.4146 
47 	161   	4621.77    	176745     	7.11377   	19751.1    	25.3867	48 	8  	6.04349
48 	160   	6096.13    	191270     	7.11377   	25138.3    	26.0667	52 	8  	7.3459 
49 	168   	5740.91    	188046     	7.11377   	23525.1    	26.7067	51 	1  	7.11529
50 	166   	4209.18    	161366     	5.00576   	18727      	26.8967	56 	1  	7.58503
51 	160   	4469.63    	156500     	5.00576   	20042.3    	27.8667	61 	1  	7.44685
52 	161   	3023.5     	167334     	5.00576   	13941.1    	28.0933	53 	1  	7.26989
53 	153   	2066.28    	141526     	5.08229   	12340.6    	28.8267	56 	4  	6.77962
54 	144   	5576.84    	160341     	5.08229   	24609.3    	29.1867	56 	7  	7.41655
55 	145   	3026.3     	160775     	5.08229   	16419.5    	29.81  	66 	7  	8.13965
56 	169   	4947.36    	205929     	4.43405   	21323.7    	30.04  	52 	9  	7.37508
57 	169   	4012.47    	351422     	5.08229   	25613.6    	29.6733	64 	1  	8.33186
58 	129   	3018.14    	129123     	5.08229   	15508.2    	30.4133	52 	6  	7.46028
59 	178   	4079.14    	164065     	5.08229   	18025.4    	30.8967	75 	2  	8.5615 
60 	162   	3933.1     	267038     	5.08229   	22543.8    	30.8733	52 	7  	6.89618
61 	160   	4683.88    	157257     	5.08229   	20118.2    	30.97  	57 	1  	7.27524
62 	173   	4637.43    	241622     	5.01225   	23190.3    	31.1267	55 	3  	7.68401
63 	164   	5360.74    	184996     	5.08229   	22899.9    	31.4867	60 	7  	7.56151
64 	164   	6414.96    	187401     	3.87735   	27126      	30.8333	53 	1  	8.59877
65 	159   	2737.8     	160362     	4.00688   	14288.6    	31.1633	60 	6  	7.9689 
66 	150   	2047.12    	139266     	3.80887   	11670.1    	31.5467	60 	1  	6.29665
67 	161   	5345.92    	207720     	3.54123   	25507.7    	32.1033	74 	10 	8.11989
68 	160   	6631       	242063     	3.54123   	28155.3    	32.78  	67 	1  	9.2861 
69 	160   	4680.34    	163694     	3.54123   	22855.8    	33.8133	65 	9  	9.79346
70 	178   	3552.55    	162464     	3.54123   	15881.3    	34.88  	68 	1  	10.2498
71 	169   	2470.49    	183724     	3.54123   	13552.8    	37.3433	73 	3  	10.8225
72 	160   	1857.32    	142770     	3.43919   	12057.4    	38.7033	84 	1  	11.2583
73 	155   	3042.83    	163743     	3.43919   	16947.9    	41.9933	75 	1  	10.9209
74 	165   	2.1936e+30 	6.58079e+32	3.43919   	3.79308e+31	45.1367	84 	9  	9.21184
75 	165   	970.433    	165402     	3.43919   	9718.8     	45.5267	93 	7  	9.52904
76 	161   	766.713    	125642     	3.43919   	7610.72    	46.6867	84 	8  	7.96838
77 	174   	511.943    	26940.5    	3.43919   	2403.7     	47.1867	79 	9  	9.01805
78 	183   	2641.29    	267095     	3.43919   	19019      	47.3733	91 	7  	11.6728
79 	164   	953.227    	165143     	3.43919   	9789.92    	47.3633	80 	1  	10.4482
80 	148   	1537.41    	142522     	3.43919   	11150.1    	49.1233	117	7  	10.841 
81 	153   	668.084    	35036.6    	3.43919   	3526.87    	50.44  	102	7  	11.049 
82 	153   	639.542    	45942.9    	3.43919   	3956.23    	51.8967	92 	1  	11.0767
83 	171   	1167.77    	145876     	3.43919   	9362       	54.8633	106	3  	12.8972
84 	158   	684.668    	114783     	3.43919   	6731       	56.6167	93 	3  	11.9815
85 	146   	230.734    	16915.8    	3.43919   	1154.06    	58.22  	110	7  	12.503 
86 	169   	350.46     	47427.6    	3.43919   	2797.66    	58.2833	108	7  	11.7727
87 	178   	783.276    	43518.1    	3.43919   	4301.01    	57.93  	108	1  	12.7632
88 	181   	362.894    	35621.6    	3.43919   	2354.51    	59.17  	95 	1  	11.4578
89 	160   	305.309    	35925.9    	3.43919   	2155.42    	59.97  	98 	8  	12.7359
90 	164   	211.313    	17670.2    	3.43919   	1179.73    	59.8433	115	3  	12.0695
91 	149   	240.51     	28000.5    	3.43919   	1689.25    	60.8433	107	8  	12.7577
92 	174   	212.972    	4667.78    	3.43919   	733.875    	59.6833	88 	1  	13.6197
93 	170   	174.737    	3534.66    	3.43919   	604.788    	59.73  	109	7  	13.3575
94 	164   	619.639    	47427.6    	3.43919   	4027.06    	59.5133	86 	7  	13.343 
95 	157   	2.1936e+30 	6.58079e+32	3.43919   	3.79308e+31	60.8833	86 	13 	10.4436
96 	157   	352.185    	35925.9    	3.43919   	2951.16    	61.52  	96 	3  	10.7236
97 	162   	185.28     	3534.66    	3.43919   	580.95     	60.4767	105	7  	12.5625
98 	155   	319.989    	25339.4    	3.43919   	1871.08    	60.27  	93 	7  	11.0549
99 	175   	581.338    	35765.1    	3.43919   	3372.28    	60.6733	119	3  	12.2632
100	171   	303.089    	36368.3    	3.43919   	2185.67    	60.5467	117	7  	11.5621
101	180   	191.931    	5830.15    	3.43919   	670.447    	60.4267	107	8  	12.1504
102	153   	341.797    	48161.5    	3.43919   	2841.39    	60.0667	87 	7  	12.0256
103	161   	252.676    	36368.3    	2.7334    	2141.12    	61.53  	96 	16 	10.5588
104	191   	206.473    	6551.04    	2.7334    	696.374    	60.6667	105	1  	11.6868
105	173   	361.256    	26060.6    	2.7334    	2380.24    	62.36  	110	7  	11.2136
106	170   	178.011    	3844.6     	2.7334    	573.104    	61.74  	97 	1  	11.8135
107	171   	1226.55    	145832     	2.7334    	11080.7    	61.0167	110	1  	14.3844
108	174   	163.239    	6609.46    	2.7334    	615.747    	61.7967	107	8  	12.7515
109	135   	149.963    	3534.66    	2.35314   	526.639    	59.3467	87 	7  	11.8617
110	169   	555.193    	122653     	2.35314   	7080.86    	57.65  	106	5  	12.9262
111	148   	248.596    	18371.2    	2.35314   	1233.14    	55.1533	88 	4  	11.7778
112	158   	565.503    	36472.3    	2.34596   	3396.24    	55.3433	75 	1  	9.62802
113	177   	377.84     	47667      	1.79698   	2830.14    	54.6233	80 	6  	12.5691
114	150   	802.872    	127501     	1.79698   	7702.34    	57.59  	94 	8  	12.6381
115	167   	756.834    	145633     	1.7127    	8639.21    	59.3367	93 	1  	11.9626
116	149   	164.742    	3450.84    	1.7127    	583.894    	60.6667	88 	9  	11.2598
117	158   	435.67     	36446.9    	1.7127    	2841.89    	58.3633	130	8  	12.4899
118	171   	4.25176e+30	1.27553e+33	1.7127    	7.35198e+31	54.3167	113	7  	11.4596
119	136   	132.707    	4058.08    	1.1831    	457.63     	54.3967	106	8  	11.8121
120	173   	609.577    	35547      	1.1831    	2829.98    	55.8567	108	7  	16.285 
121	170   	611.876    	105581     	1.1831    	6206.21    	58.5333	118	6  	17.9329
122	160   	95.034     	3675.29    	1.1831    	410.755    	65.17  	122	1  	20.0485
123	164   	373.707    	35424.2    	1.0618    	2600       	75.6333	133	6  	24.1429
124	172   	200.95     	29002.6    	1.1831    	1719.97    	89.16  	131	31 	19.0912
125	166   	102.16     	3534.66    	1.1831    	433.953    	96.8067	137	8  	17.2268
126	184   	172.369    	25476      	0.990348  	1528.07    	101.087	133	1  	15.5919
127	154   	72.7026    	4302.86    	0.990348  	406.523    	103.253	133	3  	14.6675
128	160   	74.8245    	3533.44    	0.990348  	375.503    	103.99 	139	8  	13.8339
129	175   	92.0562    	3745.56    	0.707982  	415.156    	104.533	137	9  	14.7102
130	143   	93.616     	3364       	0.990348  	448.125    	106.797	133	14 	12.0048
131	169   	135.317    	18327.5    	0.990348  	1121.56    	106.363	134	3  	15.5048
132	160   	93.5723    	6409.51    	0.837835  	497.639    	107.217	172	9  	14.3221
133	171   	58.4558    	3534.66    	0.803601  	319.382    	106.333	155	15 	13.3672
134	147   	133.862    	18399.9    	0.803601  	1138.77    	103.707	132	15 	11.8449
135	171   	65.305     	4059.8     	0.803601  	334.919    	102.75 	132	7  	11.6802
136	170   	202.39     	29127.2    	0.803601  	1738.19    	103.767	191	10 	13.3234
137	162   	64.6546    	3487.1     	0.803601  	332.949    	103.783	130	3  	12.2181
138	170   	71.1015    	6107.84    	0.803601  	472.442    	105.147	131	8  	10.474 
139	177   	1.87257e+31	5.6177e+33 	0.803601  	3.23797e+32	106.38 	152	16 	10.2435
140	163   	123.736    	5993.3     	0.803601  	535.909    	106.187	137	10 	11.0845
141	160   	235.255    	35866.4    	0.803601  	2128       	105.663	161	7  	15.307 
142	155   	172.375    	26307.3    	0.803601  	1568.94    	106.32 	128	3  	12.3274
143	180   	84.5066    	4258.9     	0.693315  	451.554    	105.38 	135	8  	14.4177
144	159   	110.967    	7042.35    	0.693315  	584.471    	105.343	131	8  	13.3593
145	161   	2.1936e+30 	6.58079e+32	0.693315  	3.79308e+31	106.473	135	8  	10.2373
146	150   	104.658    	3534.66    	0.693315  	463.019    	106.813	139	7  	12.1089
147	164   	129.317    	4058.08    	0.693315  	554.76     	105.46 	140	7  	16.8824
148	175   	145.507    	7042.35    	0.693315  	678.026    	105.853	134	1  	15.08  
149	162   	96.5518    	3534.66    	0.693315  	459.999    	107.683	135	1  	15.0991
150	163   	158.791    	18366.4    	0.693315  	1138.67    	109.893	136	8  	15.6957
151	164   	138.152    	18683.3    	0.693315  	1176.8     	114.287	140	11 	12.8941
152	167   	79.7484    	3266.29    	0.693315  	377.013    	116.243	152	7  	11.9459
153	166   	93.3033    	3266.29    	0.62644   	455.243    	117.213	137	1  	14.7678
154	190   	151.324    	26047      	0.62644   	1528.28    	118.53 	148	40 	10.4423
155	168   	121.136    	11472      	0.62644   	769.128    	118.527	144	7  	13.8423
156	175   	145.096    	18632.4    	0.62644   	1177       	118.837	138	7  	12.575 
157	160   	101.402    	4058.08    	0.590057  	520.095    	119.333	147	7  	15.871 
158	180   	129.413    	6131.31    	0.590057  	678.906    	120.52 	153	9  	15.7307
159	142   	114.148    	3533.44    	0.590057  	510.22     	121.727	140	1  	18.4094
160	162   	107.335    	6041.23    	0.590057  	581.299    	123.623	146	1  	17.899 
161	161   	87.6556    	6022.77    	0.537083  	518.924    	124.947	153	1  	13.5692
162	178   	85.0166    	4621.5     	0.590057  	466.1      	123.607	154	5  	17.489 
163	180   	81.9261    	3534.66    	0.447079  	419.927    	123.003	156	10 	13.75  
164	167   	113.894    	3490.8     	0.447079  	467.43     	118.767	149	1  	15.8663
165	160   	265.567    	53365.1    	0.447079  	3103.11    	117.17 	162	7  	16.4489
166	176   	86.6915    	3869.64    	0.447079  	460.969    	119.497	151	1  	10.8589
167	150   	74.3838    	3051.25    	0.447079  	341.636    	119.233	146	7  	11.6074
168	161   	81.6587    	3534.66    	0.447079  	411.668    	119.11 	153	7  	16.6577
169	144   	57.3367    	3813.81    	0.447079  	351.555    	120.38 	147	9  	14.435 
170	160   	109.876    	3533.44    	0.447079  	507.762    	119.593	151	7  	17.949 
171	152   	116.561    	10191      	0.447079  	713.94     	117.133	158	1  	17.5078
172	157   	102.883    	3575.86    	0.447079  	524.307    	116.56 	141	1  	17.8138
173	151   	124.638    	18687.5    	0.447079  	1134.15    	116.007	141	6  	15.067 
174	162   	2.1936e+30 	6.58079e+32	0.396722  	3.79308e+31	115.917	139	1  	13.9827
175	180   	92.9646    	6174.09    	0.396722  	599.492    	116.807	151	3  	10.7958
176	180   	138.128    	4621.5     	0.396722  	575.982    	115.023	154	9  	16.642 
177	169   	156.017    	18356.7    	0.396722  	1154.86    	118.277	153	77 	7.9875 
178	163   	53.4294    	3534.66    	0.205269  	326.342    	117.833	148	10 	11.2023
179	153   	120.844    	15796      	0.205269  	985.295    	118.5  	148	1  	12.3977
180	158   	83.6399    	3536.91    	0.205269  	419.119    	118.18 	152	7  	16.0304
181	161   	82.4139    	3765.8     	0.205269  	386.151    	121.333	151	9  	12.5921
182	165   	174.421    	35441.4    	0.205269  	2068.38    	122.44 	151	9  	12.5446
183	168   	160.194    	18356.7    	0.205269  	1169.59    	120.333	156	1  	18.1704
184	154   	63.0152    	3675.29    	0.205269  	344.899    	121.403	175	1  	13.9748
185	155   	47.8543    	3534.66    	0.205269  	281.593    	122.027	147	9  	13.0639
186	182   	76.8902    	6661.13    	0.157365  	502.14     	120.763	140	4  	14.7255
187	163   	36.4062    	3049.5     	0.205269  	252.311    	122.283	142	10 	10.2861
188	138   	73.1421    	3534.66    	0.189406  	388.306    	122.007	163	4  	13.4109
189	174   	69.3684    	6081.07    	0.188396  	463.986    	121.5  	164	8  	13.708 
190	183   	109.552    	6664.7     	0.188396  	562.537    	122.167	152	7  	13.9166
191	176   	112.775    	4058.08    	0.188396  	539.886    	121.687	145	3  	15.9077
192	184   	120.48     	6063.89    	0.188396  	566.146    	123.687	161	11 	12.5532
193	143   	51.8978    	3718.26    	0.188396  	347.571    	124.95 	141	8  	10.2597
194	173   	31.8645    	2706.66    	0.147534  	241.86     	126.167	148	87 	8.7097 
195	155   	121.236    	3583.3     	0.147534  	525.143    	125.027	152	12 	16.2673
196	164   	77.7299    	3764.57    	0.138419  	408.839    	125.157	172	2  	15.5608
197	167   	61.095     	2694.15    	0.138419  	297.67     	125.097	155	14 	12.5518
198	173   	80.0933    	2989.12    	0.138419  	397.042    	123.99 	150	15 	12.537 
199	166   	65.6557    	4058.08    	0.138419  	408.721    	124.1  	153	1  	15.6426
200	157   	50.0766    	3533.44    	0.138419  	304.725    	125.99 	147	15 	10.545 
201	163   	59.6945    	3684.13    	0.138419  	365.226    	126.337	143	11 	12.7521
202	193   	117.463    	3534.66    	0.138419  	536.332    	124.267	154	7  	20.2946
203	160   	119.334    	16483.2    	0.138419  	1014.66    	128.003	142	7  	14.9572
204	185   	121.426    	6620.54    	0.126444  	629.025    	129.677	165	8  	12.4386
205	166   	39.6745    	4287.27    	0.126444  	322.846    	131.603	163	89 	8.04483
206	168   	76.5847    	6042.38    	0.126444  	487.69     	130.77 	155	7  	12.2032
207	159   	29.2978    	3689.31    	0.126444  	231.491    	131.513	174	2  	12.1445
208	173   	73.335     	3051.25    	0.126444  	355.542    	130.283	165	9  	13.6691
209	160   	67.5696    	3123.33    	0.126444  	368.061    	131.263	174	11 	13.755 
210	145   	66.7129    	6025.67    	0.126444  	443.133    	131.257	162	9  	13.673 
211	143   	99.8867    	4173.62    	0.126444  	486.709    	133.233	159	9  	11.8132
212	165   	67.4233    	4837.44    	0.126444  	416.793    	132.897	182	7  	14.996 
213	163   	96.7812    	11476.9    	0.121358  	726.201    	134.493	183	7  	15.4737
214	142   	62.7347    	4131.31    	0.121358  	388.039    	136.92 	173	8  	12.3286
215	155   	123.212    	6043.01    	0.0896915 	687.51     	136.67 	170	8  	13.6539
216	160   	97.9292    	6108.96    	0.121358  	554.125    	136.887	155	1  	14.0103
217	175   	122.461    	3074.09    	0.121358  	482.007    	136.28 	199	9  	15.0291
218	173   	61.0371    	3072.58    	0.121358  	323.799    	136.273	216	20 	14.1828
219	169   	82.8063    	3049.5     	0.121358  	384.652    	135.24 	175	9  	16.3122
220	162   	72.0241    	3534.66    	0.120761  	389.524    	135.233	171	7  	16.222 
221	170   	94.1809    	3447.09    	0.115089  	449.204    	133.867	153	7  	15.6398
222	163   	117.821    	6145.89    	0.120761  	580.44     	133.893	179	1  	16.4356
223	197   	68.5689    	6036.26    	0.120761  	445.766    	133.803	162	9  	15.1153
224	171   	75.5606    	3680.68    	0.115003  	424.895    	135.177	170	7  	14.0826
225	160   	53.961     	3490.8     	0.115003  	342.002    	136.25 	171	1  	13.2326
226	162   	99.7333    	4058.08    	0.115003  	453.681    	137.277	178	8  	16.0918
227	176   	70.018     	4294.61    	0.115003  	359.022    	138.467	188	25 	14.7541
228	166   	78.1685    	3675.29    	0.115003  	380.782    	140.763	233	1  	17.2552
229	176   	87.3676    	4131.31    	0.115003  	444.827    	140.97 	173	7  	17.137 
230	140   	107.271    	3624.23    	0.115003  	502.897    	139.573	173	7  	19.7752
231	149   	54240.7    	1.62569e+07	0.115003  	937027     	139.57 	163	20 	12.5589
232	165   	77.7923    	3472.8     	0.114849  	390.635    	137.82 	174	11 	12.5074
233	149   	73.3793    	3487.1     	0.0756222 	398.865    	137.25 	174	8  	11.3743
234	151   	52.3933    	3123.01    	0.114849  	306.672    	135.877	157	11 	11.9433
235	147   	146.22     	29030      	0.0756222 	1704.77    	136.19 	174	7  	12.6462
236	167   	64.6246    	4278.16    	0.0756222 	407.295    	136.773	176	11 	11.2716
237	163   	78.9698    	6617.07    	0.0756222 	516.738    	135.463	150	7  	16.2219
238	142   	34.1503    	3054.01    	0.0756222 	256.631    	138.187	149	11 	12.678 
239	170   	53.7105    	3051.25    	0.0756222 	303.291    	138.663	221	7  	16.0319
240	177   	80.8812    	3765.8     	0.0756222 	419.877    	137.893	156	9  	18.1198
241	156   	84.6589    	4109.47    	0.0727858 	455.712    	138.813	169	9  	14.5148
242	169   	91.2164    	3822.78    	0.0727858 	487.709    	138.687	175	5  	17.9754
243	157   	105.238    	6654.97    	0.0727858 	559.769    	138.083	162	7  	17.4162
244	172   	2.1936e+30 	6.58079e+32	0.0752198 	3.79308e+31	138.327	153	7  	16.6237
245	163   	99.4937    	4517.93    	0.0658814 	499.714    	139.083	169	6  	14.1137
246	157   	100.744    	4058.08    	0.0658814 	500.667    	137.367	167	8  	18.1058
247	148   	85.3365    	3447.09    	0.0658814 	469.334    	137.803	156	1  	15.203 
248	158   	37.3692    	3051.25    	0.0658814 	257.138    	136.95 	174	7  	12.368 
249	155   	121.447    	17503.7    	0.065479  	1058.46    	135.697	180	13 	14.7824
250	161   	76.8685    	3132.81    	0.065479  	392.707    	137.913	201	9  	14.3404
251	170   	40.2698    	2928.13    	0.065479  	247.246    	138.643	170	64 	11.3312
252	175   	102.791    	4058.08    	0.065479  	484.601    	137.363	276	7  	21.4068
253	154   	197.364    	18337.3    	0.0612961 	1512.35    	138.107	190	9  	14.9449
254	147   	28.0621    	2970.7     	0.0612961 	236.279    	138.93 	166	14 	11.4954
255	160   	90.6495    	4058.08    	0.0612961 	458.147    	136.027	192	8  	19.3478
256	176   	90.872     	4305.58    	0.0612961 	462.763    	135.753	160	7  	15.938 
257	160   	104.088    	3534.66    	0.0612961 	470.799    	133.753	159	3  	19.9506
258	182   	81.0426    	3039.29    	0.0612961 	353.29     	135.643	160	9  	13.0941
259	186   	120.276    	26253.8    	0.0512355 	1523.45    	137.35 	189	64 	11.9889
260	168   	102.856    	6754.11    	0.0495285 	569.112    	137.343	159	3  	16.2072
261	155   	62.5068    	3469.18    	0.0495285 	368.362    	140.36 	169	10 	11.731 
262	151   	65.3618    	6768.71    	0.0495285 	461.432    	140.237	192	61 	11.3267
263	166   	71.7191    	4129.68    	0.0495285 	398.627    	140.263	231	7  	16.026 
264	164   	178.272    	26253.8    	0.0495285 	1573.69    	139.147	186	11 	17.1036
265	157   	86.0929    	4058.08    	0.0495285 	463.404    	138.937	170	5  	15.9135
266	150   	30.5767    	2684.29    	0.0495285 	203.011    	139.41 	157	98 	7.80653
267	163   	110.886    	4129.77    	0.0495285 	545.004    	135.813	165	9  	17.4898
268	160   	87.5606    	6031.57    	0.0495285 	513.418    	134.873	163	10 	12.9508
269	156   	49.857     	3141.28    	0.0495285 	287.955    	134.44 	151	99 	6.85418
270	147   	79.0884    	3533.44    	0.0495285 	442.998    	133.137	177	8  	16.1123
271	167   	65.0458    	4130.64    	0.0495285 	424.689    	133.89 	160	1  	12.6121
272	174   	81.3133    	3822.78    	0.0495285 	455.51     	132.403	154	1  	17.0059
273	166   	224.406    	26239.9    	0.0420608 	2142       	133.57 	175	10 	11.0278
274	188   	86.4641    	4134.97    	0.0420608 	439.082    	133.353	149	9  	12.3689
275	162   	50.8747    	3056.57    	0.0420608 	311.086    	133.123	158	7  	13.1578
276	160   	114.572    	4700.03    	0.0420608 	563.212    	132.607	260	4  	18.1023
277	161   	76.4921    	6031.57    	0.0391857 	487.074    	133.313	151	9  	13.1705
278	168   	103.951    	6228.61    	0.038358  	607.289    	134.147	170	8  	13.6569
279	164   	72.5415    	3051.25    	0.038358  	399.644    	133.357	172	7  	16.4761
280	164   	56.4878    	3062.5     	0.038358  	340.782    	135.977	158	25 	9.11754
281	162   	71.4455    	3533.44    	0.038358  	411.188    	134.343	155	7  	14.899 
282	159   	99.4841    	3706.52    	0.038358  	453.05     	131.913	162	43 	13.8552
283	182   	564.604    	111339     	0.038358  	6444.22    	127.95 	151	1  	21.2424
284	181   	144.337    	4178.92    	0.038358  	550.536    	129.817	168	13 	15.7072
285	155   	125.769    	6721.8     	0.0321426 	638.364    	130.11 	170	2  	19.7489
286	161   	70.085     	6773.42    	0.0321426 	469.843    	132.433	168	52 	11.5841
287	163   	55308.7    	1.6575e+07 	0.0321426 	955359     	134.717	150	49 	10.6925
288	169   	188.279    	26097.6    	0.0320897 	1580.86    	136.063	267	2  	15.6916
289	183   	77.9335    	3490.8     	0.0320897 	401.744    	134.917	166	3  	16.0645
290	165   	86.5166    	4698.3     	0.0320897 	470.795    	135.26 	161	8  	16.8406
291	158   	85.9919    	4058.08    	0.0320897 	466.46     	135.333	165	1  	16.5506
292	162   	77.9041    	4057.38    	0.0320897 	402.634    	134.633	163	13 	14.9452
293	173   	115.829    	22098.1    	0.0320897 	1292.14    	135.663	171	10 	12.5999
294	166   	31.5243    	3076.99    	0.0320897 	211.808    	135.42 	172	14 	12.7563
295	174   	69.2823    	4132.97    	0.0320897 	390.95     	134.237	172	14 	16.6565
296	171   	92.0046    	3652.65    	0.0320897 	471.654    	132.957	164	8  	17.03  
297	156   	94.1311    	4987.96    	0.0320897 	479.175    	131.57 	155	9  	15.7412
298	161   	74.8064    	4854.44    	0.0320897 	436.406    	130.9  	156	11 	14.0263
299	164   	166.763    	7205.71    	0.0240813 	755.279    	127.857	184	7  	17.8136
300	169   	48.1616    	3244.18    	0.0240813 	238.306    	129.22 	206	56 	12.0169
301	147   	131.254    	6056.22    	0.0264507 	615.304    	127.433	153	1  	17.2872
302	151   	193.994    	35483      	0.0264507 	2074.69    	128.733	153	4  	14.4073
303	160   	127.944    	6056.22    	0.0264507 	660.233    	130.367	158	1  	13.7934
304	174   	117.771    	7182.65    	0.0264507 	623.102    	130.693	211	8  	15.9806
305	175   	150.821    	6555.35    	0.0258407 	702.636    	131.11 	174	7  	19.4463
306	169   	155.898    	6533.82    	0.0258407 	723.443    	133.403	168	8  	15.0553
307	160   	113.2      	3379.24    	0.0258407 	469.459    	134.293	159	11 	13.9998
308	151   	86.0525    	3624.23    	0.0258407 	403.348    	134.56 	178	7  	17.6762
309	139   	73.454     	6565.78    	0.0258407 	487.731    	136.19 	170	11 	16.1101
310	159   	91.9289    	6570.17    	0.0258407 	560.582    	137.293	186	1  	16.5868
311	173   	111.311    	6262.72    	0.0258407 	528.333    	137.653	167	7  	17.7084
312	163   	111.821    	6699.12    	0.0258407 	596.319    	138.897	179	9  	17.0284
313	165   	56.6315    	3534.66    	0.0226955 	348.031    	140.413	179	7  	16.2274
314	164   	46907.2    	1.40404e+07	0.0226955 	809263     	140.377	180	10 	16.503 
315	186   	67.9438    	3666.41    	0.0226955 	369.888    	141.873	186	15 	12.7328
316	150   	113.204    	4132.97    	0.0226955 	553.687    	141.06 	172	9  	15.4014
317	171   	124.002    	4046.24    	0.0226955 	505.999    	141.297	185	7  	16.6011
318	163   	122.393    	4182.97    	0.0226955 	541.917    	141.977	230	1  	16.1894
319	159   	142.543    	18608.3    	0.0226955 	1137.5     	141.863	166	3  	14.1348
320	158   	2.1936e+30 	6.58079e+32	0.0223517 	3.79308e+31	141.45 	162	7  	17.3253
321	152   	33.5096    	3534.66    	0.0223517 	233.135    	142.453	165	10 	13.9996
322	150   	54.1647    	3349.55    	0.0223517 	338.578    	142.56 	176	9  	15.4493
323	156   	76.7637    	3722.9     	0.0223517 	416.818    	142.077	158	2  	16.478 
324	166   	165.856    	8757.85    	0.0213559 	787.015    	142.243	174	9  	16.4383
325	170   	71.3632    	3534.66    	0.0213559 	377.762    	142.833	168	9  	13.8602
326	177   	107.295    	3675.29    	0.0194891 	522.359    	142.753	173	13 	17.4438
327	169   	107.164    	4058.08    	0.0194891 	488.031    	143.07 	278	8  	19.7426
328	173   	70.2969    	3533.44    	0.0194891 	359.1      	142.707	181	8  	13.9841
329	164   	123.638    	4302.86    	0.0194891 	554.69     	142.167	169	2  	17.5907
330	155   	2.03317e+31	6.09952e+33	0.0174136 	3.51569e+32	141.387	170	1  	15.0852
331	174   	102.466    	4700.03    	0.0174136 	489.862    	141.417	170	7  	17.4922
332	168   	38.4027    	2685.42    	0.0174136 	215.209    	143.113	185	55 	12.7127
333	162   	186.916    	18787.9    	0.0174136 	1236.25    	143.227	174	2  	17.3847
334	156   	127.439    	4058.08    	0.0174136 	554.131    	141.32 	174	1  	20.9558
335	174   	67.8007    	4065.87    	0.0174136 	364.674    	141.36 	176	11 	14.3728
336	171   	207.04     	28981.8    	0.0174136 	1738.38    	140.16 	174	10 	18.3034
337	191   	207.957    	23970.3    	0.0174136 	1474.3     	138.907	174	6  	22.2625
338	167   	94.8693    	6806.92    	0.0174136 	534.35     	142.373	173	7  	14.8207
339	164   	117.191    	4809.95    	0.0174136 	530.62     	143.06 	235	9  	18.8511
340	174   	100.204    	4058.08    	0.0174136 	472.768    	145.533	281	8  	18.7662
341	177   	117.646    	4145.82    	0.0174136 	537.946    	145.553	162	15 	14.3993
342	169   	90.433     	4135.71    	0.0174136 	473.915    	145.763	167	3  	18.6487
343	163   	97.9295    	8243.24    	0.0174136 	622.015    	144.633	165	2  	19.0168
344	164   	44.0101    	3658.91    	0.0142075 	290.527    	146.333	160	48 	10.6803
345	181   	119.174    	6566.4     	0.0142075 	629.334    	145.243	175	19 	15.3997
346	173   	53.987     	3728.93    	0.0142075 	374.098    	145.91 	196	9  	15.9803
347	176   	59.1877    	3658.91    	0.0142075 	354.28     	146.27 	194	9  	13.6413
348	171   	106.319    	3534.66    	0.0142075 	492.711    	145.287	286	9  	20.7107
349	170   	81.4538    	3576.67    	0.0132752 	418.889    	145.537	186	9  	16.7129
350	167   	2.0361e+31 	6.1083e+33 	0.0132752 	3.52075e+32	145.45 	162	29 	13.6201
351	160   	72.8155    	6020       	0.0132752 	477.298    	145.893	180	9  	14.8093
352	161   	73.305     	3658.4     	0.0132752 	391.008    	146.633	166	7  	14.6066
353	171   	118.837    	17669.9    	0.0132752 	1079.42    	147.287	168	7  	11.8911
354	168   	39.1553    	3316.16    	0.0132752 	280.685    	147.833	174	9  	12.6385
355	157   	73.1577    	4235.71    	0.0132752 	421.64     	147.927	192	9  	18.5536
356	180   	60.6194    	6727.95    	0.0132752 	441.622    	149.22 	168	7  	14.9496
357	166   	44.1387    	4058.08    	0.0119615 	313.766    	151.19 	180	8  	13.3287
358	178   	99.3441    	8641.24    	0.0119163 	651.36     	151.593	178	8  	14.6381
359	178   	72.0599    	2808       	0.0119615 	362.438    	151.947	200	9  	14.4447
360	157   	76.3567    	3106.47    	0.0119615 	349.201    	151.667	174	61 	12.1933
361	163   	95.0726    	9003.55    	0.0119615 	624.084    	151.737	205	61 	14.306 
362	174   	89.2524    	5782.72    	0.0119615 	509.438    	150.77 	172	7  	18.84  
363	158   	102.301    	6588.68    	0.0119615 	634.064    	151.453	198	7  	18.0143
364	180   	2.1936e+30 	6.58079e+32	0.0119615 	3.79308e+31	152.85 	198	8  	15.5872
365	157   	50.5944    	3532.82    	0.0117644 	296.884    	153.567	198	9  	11.9267
366	185   	107.382    	6224.17    	0.0103784 	575.159    	153.013	170	7  	14.8611
367	160   	60.642     	2784.15    	0.0103784 	328.473    	152.923	179	13 	15.6788
368	154   	93.1332    	5468.16    	0.0103784 	501.402    	152.427	300	10 	20.0466
369	151   	67.8017    	3266.29    	0.0103784 	327.606    	152.153	187	1  	17.2533
370	154   	87.338     	5094.77    	0.0103784 	489.612    	153.78 	306	9  	15.3831
371	168   	55.7211    	2991.73    	0.0103784 	312.268    	153.48 	193	12 	12.3465
372	160   	68.1405    	3536.91    	0.0103784 	403.866    	151.887	174	1  	17.6567
373	187   	46874.2    	1.40398e+07	0.0103784 	809233     	151.723	202	7  	16.7873
374	159   	94.6158    	3108.7     	0.0103784 	452.043    	151.79 	204	9  	16.457 
375	166   	80.0914    	6023.7     	0.0103784 	466.537    	151.53 	168	10 	15.0205
376	167   	63.6505    	3764.57    	0.0103784 	342.493    	150.817	198	1  	18.4278
377	166   	71.503     	3576.67    	0.0103784 	412.049    	151.023	166	9  	19.3867
378	165   	79.3405    	3855.86    	0.0102116 	427.566    	151.193	175	2  	19.8246
379	158   	34.7479    	2262.18    	0.0102116 	190.329    	153.193	208	61 	10.9883
380	171   	122.445    	18390.5    	0.0102116 	1106.8     	152.493	179	9  	13.7493
381	176   	94.7841    	6546.07    	0.0102116 	557.605    	152.16 	185	7  	17.248 
382	163   	48.8215    	3855.86    	0.0102116 	296.172    	152.38 	200	2  	14.6755
383	165   	54.2684    	4536.73    	0.00837723	334.123    	153.957	193	66 	9.77692
384	155   	79.9189    	6673.95    	0.00837723	507.448    	153.44 	181	15 	15.1147
385	184   	79.4785    	5867.73    	0.00837723	488.409    	151.577	198	7  	19.3463
386	181   	74.1615    	4851.25    	0.00837723	427.866    	153.96 	201	1  	15.4986
387	159   	2.03398e+31	6.10195e+33	0.00837723	3.51708e+32	153.887	195	8  	16.0229
388	168   	66.7693    	4586.11    	0.00837723	436.843    	154.543	217	8  	19.0202
389	162   	81.8599    	4483.32    	0.00837723	476.028    	158.68 	183	11 	12.4878
390	154   	16.7038    	930.371    	0.00837723	90.6935    	162.537	185	61 	11.135 
391	169   	67.6611    	4784.14    	0.00837723	431.658    	164.127	213	8  	12.828 
392	159   	97.4112    	6696.57    	0.00837723	579.419    	162.957	181	2  	19.3663
393	166   	177.862    	26267.3    	0.00799055	1571.35    	162.423	179	9  	19.8772
394	174   	158.947    	28977      	0.00799055	1711.31    	163.16 	186	7  	16.6588
395	165   	112.145    	18384.5    	0.00799055	1099.05    	164.547	209	60 	12.3116
396	141   	40.9868    	2786.43    	0.00799055	221.215    	165.073	215	75 	10.4659
397	190   	63.8878    	7221.7     	0.00799055	463.23     	163.93 	182	120	9.13629
398	172   	62.8312    	6700.55    	0.00799055	515.285    	162.473	216	74 	11.4369
399	159   	68.8937    	6027.67    	0.00799055	463.172    	160.443	179	62 	11.4082
400	176   	71.1969    	3070.17    	0.00799055	388.448    	159.233	185	7  	12.5584
401	157   	72.1616    	4057.38    	0.00799055	393.94     	156.717	202	7  	17.4273
402	167   	70.4507    	3764.57    	0.00799055	380.428    	157.193	194	3  	16.7502
403	164   	68.6243    	3049.5     	0.00799055	382.116    	155.907	172	3  	19.467 
404	158   	69.1679    	5870.38    	0.00799055	465.397    	157.427	177	9  	15.4731
405	169   	63.2273    	6215.71    	0.00799055	464.144    	157.627	216	9  	13.2484
406	167   	99.5803    	3663.25    	0.00799055	465.917    	155.997	173	9  	17.3318
407	175   	73.0216    	3536.91    	0.00799055	428.761    	156.347	189	7  	16.9969
408	161   	73.5796    	3675.29    	0.00799055	412.483    	156.807	187	2  	16.3457
409	174   	136.87     	18771      	0.00799055	1155.85    	156.3  	182	8  	16.7335
410	156   	36.2833    	2690.36    	0.00799055	247.019    	156.843	204	16 	12.8654
411	164   	106.341    	5061.06    	0.00799055	557.944    	156.393	172	8  	17.3047
412	157   	60.913     	3582.81    	0.00799055	362.198    	157.84 	191	7  	17.0059
413	189   	69.925     	4700.03    	0.00799055	464.138    	156.91 	173	1  	18.5257
414	165   	55.031     	3624.23    	0.00799055	358.637    	158.657	195	7  	14.6449
415	134   	19.653     	870.525    	0.00799055	104.931    	159.753	205	116	9.9119 
416	167   	26.0324    	851.977    	0.00799055	120.746    	159.547	181	60 	10.3335
417	165   	83.8761    	3534.66    	0.00799055	464.426    	156.447	177	7  	23.5855
418	161   	76.3858    	3534.66    	0.00799055	417.608    	158.607	216	10 	17.1788
419	148   	231.727    	35514.9    	0.00799055	2110.8     	157.417	216	1  	22.621 
420	169   	60.2923    	3054.01    	0.00799055	289.482    	159.56 	181	9  	16.442 
421	164   	67.1245    	11551.8    	0.00799055	695.045    	160.233	185	59 	12.7394
422	158   	53.7844    	9140.57    	0.00799055	591.581    	160.703	211	20 	12.2088
423	159   	73.9192    	3675.29    	0.00799055	408.164    	158.247	187	3  	20.0828
424	155   	61.234     	3490.8     	0.00799055	310.66     	161.353	213	1  	14.3528
425	154   	36.8689    	3855.86    	0.00799055	258.068    	162.007	186	2  	14.8151
426	170   	150.884    	18473.9    	0.00799055	1242.98    	160.667	208	1  	21.7113
427	169   	59.9723    	6532.06    	0.00799055	466.063    	162.747	185	64 	10.6375
428	155   	73.8964    	4614.38    	0.00799055	422.834    	162.143	212	1  	15.8052
429	165   	44.7873    	3447.09    	0.00799055	308.572    	161.713	185	7  	14.9715
430	155   	73.076     	3764.57    	0.00799055	414.448    	159.89 	191	1  	20.0153
431	169   	81.6372    	3624.23    	0.00799055	441.967    	160.893	197	7  	20.5947
432	162   	60.9797    	3663.25    	0.00799055	395.383    	161.543	187	17 	16.9867
433	168   	93.4622    	6419.73    	0.00799055	560.301    	162.123	187	9  	18.6434
434	149   	41.527     	3534.66    	0.00799055	296.799    	162.507	205	1  	16.5285
435	161   	52.9865    	3663.25    	0.00799055	347.666    	163.99 	201	18 	13.2357
436	165   	55.4384    	4178.39    	0.00799055	374.043    	162.993	199	10 	14.9452
437	183   	110.41     	18771      	0.00799055	1114.96    	163.03 	183	3  	17.7051
438	167   	66.777     	6308.87    	0.00799055	465.901    	163.35 	183	60 	11.9421
439	160   	72.855     	3051.25    	0.00799055	409.403    	162.437	183	8  	19.856 
440	182   	90.836     	5963.28    	0.00799055	545.638    	162.93 	193	4  	18.9536
441	156   	68.1665    	3675.29    	0.00799055	375.152    	164.11 	188	1  	14.6444
442	167   	28.8281    	987.468    	0.00799055	133.193    	163.807	187	64 	13.1203
443	168   	41.3676    	3534.66    	0.00799055	305.338    	164.46 	207	10 	17.2281
444	166   	41.007     	2785.79    	0.00799055	259.577    	165.953	190	9  	15.2948
445	157   	47.5276    	3294.44    	0.00799055	305.536    	167.297	213	12 	20.1597
446	173   	78.0989    	3534.66    	0.00799055	406.945    	170.663	192	7  	19.0402
447	176   	77.9726    	3671.8     	0.00799055	408.312    	174.07 	289	10 	15.5106
448	162   	60.3261    	4185.7     	0.00799055	363.591    	174.22 	236	117	12.2029
449	154   	20.818     	808.514    	0.00799055	114.681    	174.93 	218	118	10.2609
450	168   	89.0641    	3534.66    	0.00799055	471.506    	174.06 	342	7  	21.6945
451	157   	38.2023    	3855.86    	0.00799055	296.909    	174.027	193	1  	16.6018
452	158   	44.4069    	3534.66    	0.00799055	309.043    	173.79 	226	19 	14.1145
453	163   	116.58     	6532.06    	0.00799055	635.059    	170.963	213	7  	24.3753
454	160   	133.588    	26069.5    	0.00799055	1534.92    	173.5  	228	62 	14.2259
455	156   	32.8294    	3051.25    	0.00799055	250.497    	173.49 	240	9  	15.1417
456	154   	55.4871    	4058.08    	0.00799055	373.392    	172.897	216	8  	18.783 
457	182   	56.5284    	4850.56    	0.00799055	369.279    	172.297	193	9  	14.3191
458	154   	102.758    	11468.5    	0.00799055	872.842    	172.81 	226	109	10.6858
459	154   	55.5776    	5870.38    	0.00799055	414.91     	171.097	221	62 	13.7509
460	171   	8.4458e+30 	1.33355e+33	0.00799055	1.03238e+32	170.773	206	10 	15.1979
461	163   	80.8492    	3533.44    	0.00799055	434.43     	169.273	188	8  	19.8141
462	164   	31.6391    	3049.5     	0.00799055	219.353    	170.85 	189	10 	13.5566
463	160   	63.9579    	3534.66    	0.00799055	367.242    	169.71 	201	4  	18.9082
464	170   	38.7203    	2785.79    	0.00799055	249.322    	171.73 	191	63 	11.7125
465	171   	62.5188    	8248.15    	0.00799055	531.569    	170.477	206	11 	14.4717
466	162   	124.916    	24924.9    	0.00799055	1458.34    	169.57 	194	12 	18.715 
467	167   	215.211    	27663.8    	0.00799055	1671.09    	168.347	227	9  	22.5917
468	163   	57.0171    	3054.01    	0.00799055	323.518    	168.207	216	7  	20.046 
469	175   	62.4189    	3597.98    	0.00799055	376.271    	170.273	205	14 	14.8627
470	160   	53.7649    	3663.25    	0.00799055	318.5      	169.98 	192	64 	11.7451
471	181   	96.3975    	6363.9     	0.00799055	539.44     	169.453	207	11 	17.885 
472	164   	79.4203    	4058.08    	0.00799055	482.204    	169.947	187	4  	18.9746
473	177   	69.7602    	7078.27    	0.00799055	493.148    	171.177	193	12 	14.2821
474	172   	58.095     	8248.15    	0.00799055	549.756    	172.137	193	31 	13.0273
475	177   	21115.6    	6.31761e+06	0.00799055	364136     	170.313	189	7  	19.9899
476	172   	43.6223    	4138.37    	0.00799055	306.378    	170.357	225	65 	15.0805
477	149   	58.6436    	3855.86    	0.00799055	339.858    	169.167	216	8  	17.131 
478	150   	36.8597    	3016.13    	0.00799055	286.048    	169.483	189	15 	14.0206
479	171   	34.8462    	2808       	0.00799055	214.731    	167.68 	189	9  	15.8979
480	138   	155.594    	35375.8    	0.00799055	2046.16    	168.11 	189	115	12.0168
481	180   	123.158    	9229.49    	0.00799055	798.378    	166.523	220	9  	21.0262
482	165   	68.2883    	4073.54    	0.00799055	394.68     	168.78 	226	7  	16.7166
483	172   	101.342    	3576.67    	0.00799055	489.753    	166.577	209	1  	24.3743
484	157   	112.259    	6629.05    	0.00799055	611.77     	167.073	294	7  	24.8266
485	156   	53.7223    	3663.25    	0.00799055	330.498    	169.363	227	16 	15.7604
486	160   	76.3803    	4099.82    	0.00799055	413.753    	168.22 	194	9  	17.2464
487	165   	58.2311    	3728.93    	0.00799055	374.228    	168.137	197	1  	19.3643
488	181   	36.0787    	2690.36    	0.00799055	243.162    	170.65 	194	20 	13.795 
489	169   	115.696    	9140.57    	0.00799055	713.382    	167.453	201	1  	23.6044
490	173   	59.0227    	3534.66    	0.00799055	359.202    	170.383	195	1  	17.824 
491	155   	77.0651    	3696.93    	0.00799055	450.118    	169.237	216	2  	23.5911
492	175   	72.9715    	4850.56    	0.00799055	433.668    	168.827	195	9  	20.8903
493	142   	81.5079    	4536.19    	0.00799055	447.824    	170.41 	199	7  	19.8673
494	145   	42.8372    	4701.94    	0.00799055	330.664    	171.99 	195	22 	13.518 
495	168   	173.638    	35375.8    	0.00799055	2054.85    	171.427	208	58 	15.0059
496	156   	95.8304    	5986.33    	0.00799055	541.986    	171.54 	217	2  	18.5807
497	153   	108.293    	5790.34    	0.00799055	607.161    	170.873	292	23 	20.1035
498	203   	70.7006    	3356.03    	0.00799055	422.427    	171.2  	206	1  	17.8706
499	149   	76.4171    	3624.23    	0.00799055	433.256    	170.247	206	7  	22.5334
500	159   	100.72     	6026.62    	0.00799055	575.934    	172.667	227	8  	18.4681
501	178   	205.773    	35514.9    	0.00799055	2104.35    	170.343	204	9  	21.8549
502	182   	84.5767    	5072.85    	0.00799055	478.395    	169.867	209	7  	20.6282
503	156   	62.8532    	3624.23    	0.00799055	389.523    	169.483	222	1  	22.8116
504	177   	51.2568    	3536.91    	0.00799055	315.053    	170.4  	206	9  	18.5517
505	166   	213.097    	36042.4    	0.00799055	2116.93    	169.527	239	9  	20.9444
506	151   	34.0341    	3061.64    	0.00799055	250.484    	171.29 	204	19 	15.9286
507	163   	50.4001    	3663.25    	0.00799055	333.246    	170.36 	232	9  	19.8519
508	163   	76.7248    	5298.48    	0.00799055	475.836    	172.107	231	17 	17.1692
509	162   	50.0617    	3266.29    	0.00799055	288.312    	172.447	228	7  	17.2642
510	173   	58.5879    	3663.25    	0.00799055	359.459    	173.28 	229	69 	16.1877
511	161   	49.8927    	3185       	0.00799055	326.819    	173.15 	230	7  	21.452 
512	186   	66.8364    	3534.66    	0.00799055	363.905    	172.773	227	11 	22.4748
513	160   	57.0411    	5870.38    	0.00799055	423.983    	172.853	229	65 	15.7128
514	178   	61.918     	3534.66    	0.00799055	364.522    	172.85 	228	10 	19.3099
515	168   	36.9244    	1578.34    	0.00799055	174.733    	172.097	231	122	15.2471
516	151   	56.735     	3534.66    	0.00799055	345.945    	174.64 	230	7  	20.8887
517	172   	199.915    	35514.9    	0.00799055	2103.76    	175.047	229	41 	17.9643
518	163   	60.0163    	3077.61    	0.00799055	325.073    	173.967	229	122	16.7753
519	157   	62.9574    	6215.71    	0.00799055	456.186    	174.2  	226	9  	20.9071
520	151   	65.1813    	3056.74    	0.00799055	368.798    	174.23 	281	11 	23.151 
521	157   	82.2072    	8553.25    	0.00799055	618.58     	176.59 	227	1  	18.0171
522	162   	23.555     	1184.92    	0.00799055	129.814    	175.453	226	71 	16.3628
523	184   	21099.1    	6.31761e+06	0.00799055	364137     	174.82 	226	110	12.1793
524	193   	69.4123    	6336.96    	0.00799055	481.105    	173.673	224	11 	17.9392
525	162   	80.8431    	5870.38    	0.00799055	529.412    	173.913	243	16 	16.006 
526	175   	29.8531    	2677.04    	0.00799055	189.397    	174.95 	218	114	12.5741
527	155   	47.0256    	4058.08    	0.00799055	314.939    	175.113	248	8  	16.5381
528	145   	28.2147    	2690.36    	0.00799055	230.584    	176.733	293	67 	14.8787
529	141   	60.6363    	4497.83    	0.00799055	396.867    	176.24 	232	17 	17.1723
530	152   	76.5681    	4058.08    	0.00799055	416.641    	175.69 	203	8  	17.1071
531	167   	52.4381    	3709.41    	0.00799055	336.443    	176.767	226	12 	14.5819
532	161   	93.8684    	6973.9     	0.00799055	551.548    	175.367	232	10 	21.6891
533	170   	50.3178    	3012.91    	0.00799055	273.259    	176.09 	240	9  	19.8851
534	150   	10.1222    	987.468    	0.00799055	82.7741    	176.86 	204	117	10.4671
535	153   	84.9211    	16616.4    	0.00799055	969.385    	176.307	207	119	10.8815
536	167   	43.2408    	3113.66    	0.00799055	289.465    	175.83 	206	60 	15.3458
537	158   	75.7649    	6677.73    	0.00799055	484.848    	175.26 	202	7  	16.7767
538	157   	228.625    	27119.1    	0.00799055	2193.65    	176.587	219	1  	19.5317
539	145   	59.3678    	3132.81    	0.00799055	341.131    	176.433	211	7  	20.6491
540	166   	90.6194    	3663.25    	0.00799055	433.398    	176.007	211	24 	18.2893
541	157   	66.2281    	4131.25    	0.00799055	422.656    	177.513	231	12 	17.6396
542	169   	60.0721    	3855.86    	0.00799055	385.46     	177.073	239	1  	20.1265
543	152   	68.7606    	3075.3     	0.00799055	369.021    	176.2  	215	11 	22.1875
544	162   	53.0775    	4042.94    	0.00799055	373.724    	178.443	216	3  	18.6449
545	178   	87.736     	3764.57    	0.00799055	413.012    	177.313	230	2  	20.2441
546	137   	61.1806    	3103.24    	0.00799055	335.31     	176.993	216	10 	23.3075
547	169   	83.6396    	7078.27    	0.00799055	531.229    	178.513	226	7  	18.3491
548	151   	84.3878    	6215.71    	0.00799055	560.077    	178.327	216	10 	19.9158
549	147   	75.4713    	4102.35    	0.00799055	416.281    	176.687	226	7  	24.881 
550	179   	30.6307    	3049.5     	0.00799055	220.973    	178.807	251	10 	17.4788
551	151   	107.938    	9426.45    	0.00799055	696.552    	177.68 	229	10 	21.4712
552	163   	60.7124    	6164.94    	0.00799055	439.278    	180.207	228	7  	16.2336
553	150   	77.713     	4984.71    	0.00799055	461.654    	179.013	237	7  	21.4571
554	163   	288.831    	52515.8    	0.00799055	3123.01    	177.273	214	9  	22.2517
555	163   	42.7668    	4841.33    	0.00799055	354.641    	178.843	201	8  	16.5199
556	163   	168.564    	27663.8    	0.00799055	1640.53    	176.347	224	19 	19.8711
557	174   	58.3723    	3447.09    	0.00799055	326.688    	177.41 	208	8  	18.1447
558	162   	69.6345    	5288.15    	0.00799055	452.56     	176.943	215	12 	18.4237
559	175   	107.475    	6579.38    	0.00799055	589.715    	176.16 	215	11 	21.8159
560	161   	75.122     	6725.87    	0.00799055	505.211    	177.7  	219	7  	15.8203
561	179   	53.185     	4890.81    	0.00799055	376.158    	178.65 	205	118	11.7712
562	168   	88.4904    	3837.52    	0.00799055	443.899    	177.247	243	74 	18.0042
563	163   	21.5365    	2677.04    	0.00799055	177.308    	177.453	220	113	12.4938
564	171   	68.027     	3663.25    	0.00799055	404.182    	177.02 	205	124	12.1589
565	152   	61.5568    	4373.55    	0.00799055	403.514    	176.207	211	13 	19.3259
566	159   	19.9406    	3509.07    	0.00799055	212.015    	178.4  	211	110	12.7651
567	161   	57.4432    	3764.57    	0.00799055	357.805    	175.523	208	6  	20.4135
568	162   	77.5162    	4058.08    	0.00799055	460.022    	176.537	229	8  	21.4004
569	163   	62.3049    	4058.08    	0.00799055	333.861    	177.51 	237	7  	19.25  
570	148   	52.4649    	3485.19    	0.00799055	283.665    	177.313	231	9  	18.4716
571	188   	135.258    	24735.3    	0.00799055	1464.48    	176.3  	205	3  	17.6508
572	145   	50.6527    	3054.01    	0.00799055	283.067    	176.113	236	9  	22.372 
573	179   	73.7555    	6019.55    	0.00799055	472.962    	177.703	215	9  	16.5542
574	171   	72.72      	3663.25    	0.00799055	448.014    	175.253	202	1  	23.5917
575	184   	57.2567    	3536.91    	0.00799055	344.36     	174.74 	248	9  	21.5383
576	142   	64.3188    	3803.66    	0.00799055	394.308    	176.14 	291	9  	22.2796
577	183   	45.448     	2785.79    	0.00799055	262.384    	177.09 	223	61 	16.9535
578	156   	10.087     	681.388    	0.00799055	64.2964    	177.733	202	67 	15.7893
579	172   	23.7514    	3049.5     	0.00799055	194.177    	177.373	208	13 	15.0029
580	173   	58.9434    	6695.06    	0.00799055	451.994    	175.443	202	14 	19.2666
581	165   	65.8234    	9140.57    	0.00799055	571.853    	176.08 	202	9  	19.4055
582	167   	105.093    	6677.73    	0.00799055	612.842    	174.203	203	7  	23.1215
583	187   	67.8103    	3663.25    	0.00799055	369.211    	175.39 	237	10 	18.5714
584	169   	57.1211    	3533.44    	0.00799055	333.774    	175.257	203	8  	20.8481
585	156   	18.7478    	705.135    	0.00799055	91.8709    	176.903	200	62 	16.6105
586	154   	108.763    	11655.7    	0.00799055	838.818    	178.337	211	3  	16.3515
587	148   	72.7885    	6215.71    	0.00799055	508.066    	176.257	204	7  	19.024 
588	173   	87.224     	3663.25    	0.00799055	472.407    	176.093	209	7  	20.1423
589	178   	87.9264    	4058.08    	0.00799055	487.663    	175.403	209	7  	24.5947
590	175   	56.199     	3266.29    	0.00799055	347.857    	175.933	208	8  	24.0749
591	167   	51.8422    	3536.91    	0.00799055	317.817    	176.91 	233	9  	17.3538
592	142   	61.8476    	4058.08    	0.00799055	352.942    	174.84 	224	8  	20.9643
593	151   	22.7031    	3704.04    	0.00799055	225.79     	176.44 	207	113	13.8879
594	156   	58.4684    	3822.78    	0.00799055	400.944    	176.287	212	11 	20.9985
595	155   	13.5525    	687.928    	0.00799055	77.3175    	177.53 	209	67 	12.4695
596	161   	26.7676    	852.198    	0.00799055	129.573    	177.747	228	116	12.9693
597	161   	174.058    	27119.1    	0.00799055	1636.52    	176.577	218	15 	16.8431
598	151   	40.8762    	3532.84    	0.00799055	317.21     	176.827	206	24 	17.3928
599	159   	132.428    	18797      	0.00799055	1150.21    	176.21 	212	1  	19.1206
600	178   	72.1744    	6594.61    	0.00799055	552.993    	177.22 	214	61 	14.7227
601	153   	57.9663    	3110.94    	0.00799055	350.423    	176.213	239	11 	16.7161
602	157   	81.4865    	6594.61    	0.00799055	537.791    	175.4  	239	7  	23.7018
603	152   	46.3561    	3533.44    	0.00799055	288.411    	176.68 	239	8  	20.4865
604	180   	77.5973    	6035.34    	0.00799055	480.775    	178.067	239	11 	18.6328
605	158   	38.7313    	4058.08    	0.00799055	262.283    	178.107	239	8  	19.7309
606	173   	59.0973    	2840.36    	0.00799055	339.836    	176.733	241	11 	21.6471
607	198   	4.00064e+30	1.20019e+33	0.00799055	6.91775e+31	176.157	238	9  	22.1019
608	165   	10.8798    	923.493    	0.00799055	78.8005    	178.06 	243	117	14.9422
609	183   	75.2483    	4058.08    	0.00799055	422.371    	174.213	241	8  	24.6176
610	167   	65.1983    	3051.25    	0.00799055	356.252    	176.523	241	8  	19.701 
611	143   	67.5109    	8553.25    	0.00799055	559.582    	178.993	290	84 	15.3987
612	153   	49.7937    	3266.29    	0.00799055	286.889    	179.25 	242	7  	17.4828
613	135   	27.3741    	4771.58    	0.00799055	294.092    	178.85 	250	77 	15.8861
614	180   	69.4743    	4099.82    	0.00799055	430.054    	176.26 	241	10 	23.1633
615	167   	4.00064e+30	1.20019e+33	0.00799055	6.91775e+31	174.42 	241	7  	22.6419
616	169   	4.44516e+30	1.33355e+33	0.00799055	7.68639e+31	175.483	237	10 	17.5781
617	174   	44.0163    	3049.5     	0.00799055	307.018    	175.067	237	10 	20.8746
618	173   	68.2324    	4058.08    	0.00799055	395.617    	175.577	232	7  	20.9742
619	175   	52.2261    	3534.66    	0.00799055	329.476    	174.563	232	10 	22.4242
620	151   	27.177     	2690.36    	0.00799055	190.703    	177.183	233	65 	17.3038
621	162   	38.5551    	2808       	0.00799055	254.092    	177.36 	242	9  	17.9049
622	172   	49.1924    	3534.66    	0.00799055	332.999    	176.863	239	10 	17.6069
623	150   	2.47659e+30	7.42976e+32	0.00799055	4.28242e+31	174.69 	238	10 	21.4931
624	175   	55.623     	3787.03    	0.00799055	392.911    	176.05 	234	1  	19.9291
625	163   	97.8715    	6532.06    	0.00799055	609.004    	173.487	224	9  	24.6011
626	159   	46.3938    	3447.09    	0.00799055	325.595    	177.03 	224	11 	16.35  
627	159   	70.6096    	3110.94    	0.00799055	344.594    	176.353	225	12 	17.6539
628	170   	78.7376    	9229.49    	0.00799055	603.335    	176.58 	224	118	15.1791
629	173   	42.116     	2677.04    	0.00799055	243.689    	175.497	227	63 	18.4225
630	183   	4.41341e+30	1.32402e+33	0.00799055	7.63149e+31	177.507	227	7  	20.7307
631	176   	22.06      	2666.32    	0.00799055	177.014    	177.457	224	103	15.0047
632	177   	64.0223    	7169.06    	0.00799055	487.879    	176.517	233	115	16.1182
633	175   	95.2126    	3855.86    	0.00799055	484.598    	174.273	224	1  	26.5824
634	170   	4.44516e+29	1.33355e+32	0.00799055	7.68639e+30	176.43 	230	12 	20.8198
635	186   	32.9942    	1576.54    	0.00799055	172.221    	175.313	230	64 	18.1665
636	165   	53.5135    	4058.08    	0.00799055	350.476    	175.51 	230	2  	20.1404
637	169   	174.239    	28978.1    	0.00799055	1719.07    	177.817	230	8  	22.644 
638	170   	78.4924    	3110.94    	0.00799055	409.029    	179.45 	230	22 	20.5129
639	193   	71.1821    	4850.56    	0.00799055	399.74     	179.997	230	7  	21.9462
640	159   	35.7354    	3675.29    	0.00799055	267.562    	181.893	230	3  	22.44  
641	190   	138.701    	6579.38    	0.00799055	630.621    	179.213	231	1  	28.7214
642	166   	76.401     	4058.08    	0.00799055	484.75     	180.737	231	1  	23.8419
643	155   	91.184     	9503.7     	0.00799055	657.136    	180.273	231	10 	19.8339
644	146   	36.6212    	4057.38    	0.00799055	303.994    	181.437	231	9  	21.1034
645	162   	73.8352    	3054.31    	0.00799055	387.452    	178.723	304	9  	26.5508
646	176   	52.314     	3855.86    	0.00799055	379.172    	178.913	232	1  	21.4194
647	154   	57.0182    	5314.44    	0.00799055	392.386    	180.737	228	12 	17.3396
648	166   	37.7423    	4058.08    	0.00799055	308.734    	178.083	220	8  	20.0444
649	179   	70.9544    	3049.5     	0.00799055	355.633    	175.823	220	10 	20.8617
650	183   	66.8972    	4371.33    	0.00799055	427.232    	175.687	231	9  	24.3802
651	161   	62.6651    	6118.7     	0.00799055	455.78     	177.9  	220	19 	16.6129
652	153   	47.5757    	6718.5     	0.00799055	414.018    	177.25 	238	81 	16.4566
653	159   	70.9599    	3054.01    	0.00799055	383.217    	175.817	229	9  	23.0302
654	162   	67.2308    	3012.91    	0.00799055	348.495    	174.68 	224	9  	24.3699
655	150   	50.2678    	3855.86    	0.00799055	348.454    	174.697	216	1  	21.6326
656	150   	17.2644    	886.153    	0.00799055	105.294    	176.207	217	110	14.5663
657	134   	62.0467    	5298.48    	0.00799055	437.286    	176.367	222	10 	19.3459
658	139   	42.5562    	4130.64    	0.00799055	317.081    	176.217	222	12 	20.2276
659	155   	115.806    	25372.2    	0.00799055	1473.51    	177.14 	224	93 	16.194 
660	162   	37.3237    	3110.94    	0.00799055	257.953    	178.417	224	113	14.9939
661	162   	38.6579    	4057.48    	0.00799055	263.259    	176.18 	225	42 	16.5817
662	179   	48.6349    	3485.19    	0.00799055	313.171    	174.05 	226	9  	23.7904
663	163   	111.042    	5870.38    	0.00799055	596.886    	175.9  	220	12 	18.1158
664	184   	88.3939    	5963.28    	0.00799055	509.219    	176.01 	220	10 	19.7399
665	155   	44.3495    	6026.62    	0.00799055	397.48     	177.18 	220	62 	17.3215
666	165   	69.8053    	3314.23    	0.00799055	424.716    	176.223	220	7  	25.6141
667	166   	25.9982    	2016.85    	0.00799055	158.591    	180.103	229	117	16.2645
668	154   	36.8838    	3764.57    	0.00799055	262.963    	177.287	215	10 	18.9289
669	183   	85.4043    	6514.18    	0.00799055	530.063    	176.477	222	1  	24.209 
670	152   	60.3082    	3607.08    	0.00799055	392.452    	178.457	219	7  	20.1979
671	188   	65.6447    	3533.44    	0.00799055	393.216    	176.767	258	1  	25.4518
672	182   	97.7529    	6695.06    	0.00799055	625.576    	178.793	221	9  	19.2034
673	158   	60.1599    	3534.66    	0.00799055	360.919    	177.783	220	10 	19.6607
674	173   	27.4781    	3054.01    	0.00799055	217.55     	177.32 	227	11 	17.8106
675	168   	76.6611    	6726.21    	0.00799055	511.349    	177.267	232	78 	17.7052
676	153   	84.4626    	4058.08    	0.00799055	496.543    	176.917	227	8  	24.5846
677	171   	84.8569    	8248.15    	0.00799055	583.899    	177.877	229	9  	23.3011
678	142   	26.5544    	4099.82    	0.00799055	283.92     	180.04 	235	17 	18.29  
679	163   	43.0966    	3573.62    	0.00799055	300.962    	178.873	235	19 	21.2635
680	162   	66.7976    	3490.8     	0.00799055	354.989    	177.117	240	1  	24.0641
681	175   	22.158     	3110.94    	0.00799055	202.334    	181.297	235	128	18.5396
682	166   	40.7194    	3351.69    	0.00799055	252.243    	182.753	241	118	20.3055
683	162   	65.8243    	4058.08    	0.00799055	371.053    	179.277	247	1  	28.4348
684	163   	66.3101    	3119.75    	0.00799055	351.902    	179.103	241	9  	25.6475
685	183   	62.4419    	4058.08    	0.00799055	369.921    	178.677	235	7  	27.118 
686	168   	50.7419    	3490.8     	0.00799055	331.028    	178.08 	235	1  	28.0576
687	170   	2.8576e+30 	8.5728e+32 	0.00799055	4.94125e+31	179.97 	235	8  	22.0545
688	166   	3.17511e+28	9.52533e+30	0.00799055	5.49028e+29	178.533	242	7  	27.9654
689	185   	209.82     	27663.8    	0.00799055	1793.84    	176.413	235	9  	25.6884
690	171   	52.3099    	3532.82    	0.00799055	316.001    	178.013	243	9  	25.2156
691	141   	57.0573    	3663.25    	0.00799055	393.983    	176.983	235	9  	22.8008
692	171   	4.44516e+29	1.33355e+32	0.00799055	7.68639e+30	176.617	238	7  	24.3511
693	160   	103.475    	6725.87    	0.00799055	633.915    	176.093	323	16 	24.4709
694	170   	40.1558    	4185.7     	0.00799055	308.681    	177.427	249	65 	19.8015
695	161   	77.2998    	3855.86    	0.00799055	423.972    	177.187	235	1  	21.9695
696	159   	45.4528    	3573.62    	0.00799055	290.534    	178.183	228	19 	21.2112
697	162   	4.44516e+30	1.33355e+33	0.00799055	7.68639e+31	176.41 	220	9  	21.8407
698	154   	53.8934    	3675.29    	0.00799055	353.688    	174.867	219	7  	22.5004
699	183   	35.2805    	2808       	0.00799055	216.306    	175.34 	219	9  	19.9614
700	152   	36.0639    	3077.34    	0.00799055	231.007    	176.137	244	73 	19.0091
701	158   	28.8123    	4058.08    	0.00799055	256.295    	175.68 	222	8  	20.2164
702	167   	42.3759    	3468.39    	0.00799055	244.095    	175.43 	228	19 	20.2622
703	166   	4.44516e+30	1.33355e+33	0.00799055	7.68639e+31	175.697	228	29 	20.5423
704	151   	40.9035    	3012.91    	0.00799055	250.771    	177.697	225	10 	20.2826
705	171   	56.418     	4277.92    	0.00799055	362.369    	178.153	234	8  	23.9144
706	170   	84.0558    	3533.44    	0.00799055	432.226    	177.717	238	8  	23.9255
707	156   	73.486     	3663.25    	0.00799055	446.929    	178.843	228	8  	23.8696
708	157   	84.0156    	3729.16    	0.00799055	455.616    	177.783	228	1  	24.6765
709	150   	59.0103    	3509.07    	0.00799055	389.162    	179.703	228	7  	24.541 
710	175   	78.1266    	3533.44    	0.00799055	428.935    	179.467	228	7  	26.0799
711	183   	55.95      	4051.65    	0.00799055	362.627    	179.3  	219	7  	25.5419
712	176   	121.7      	11655.7    	0.00799055	778.084    	178.737	219	9  	25.8565
713	153   	85.7013    	8956.98    	0.00799055	619.302    	179.677	230	114	19.6623
714	174   	40.2755    	2690.36    	0.00799055	276.636    	179.383	235	9  	22.6612
715	173   	76.233     	4704.32    	0.00799055	448        	179.36 	225	6  	25.9834
716	181   	94.4287    	3764.57    	0.00799055	459.842    	176.647	219	7  	27.6336
717	180   	4.44516e+29	1.33355e+32	0.00799055	7.68639e+30	180.163	223	102	19.4957
718	168   	50.0382    	3372.91    	0.00799055	320.256    	181.993	227	103	20.2015
719	173   	97.6849    	6127.91    	0.00799055	561.874    	180.983	266	8  	26.2495
720	158   	66.1768    	4017.5     	0.00799055	435.481    	183.627	231	8  	26.8936
721	159   	13.4031    	960.118    	0.00799055	86.5347    	185.573	223	76 	20.408 
722	177   	64.7932    	3529.59    	0.00799055	363.915    	187.023	223	9  	22.5377
723	168   	16.512     	1450.03    	0.00799055	120.286    	186.493	223	68 	20.0114
724	159   	58.7867    	4700.05    	0.00799055	377.562    	184.963	228	7  	25.8843
725	160   	16.2954    	894.515    	0.00799055	94.4878    	187.557	257	129	19.8173
726	160   	50.0798    	4073.54    	0.00799055	357.896    	185.423	262	7  	26.3024
727	183   	81.1743    	8553.25    	0.00799055	604.643    	186.253	227	11 	21.037 
728	170   	68.2546    	3822.78    	0.00799055	403.684    	183.217	227	9  	23.7584
729	187   	69.758     	3663.25    	0.00799055	401.255    	181.693	228	4  	26.4004
730	181   	65.0287    	3534.66    	0.00799055	366.405    	182.65 	228	10 	23.7498
731	182   	2.03279e+32	6.09838e+34	0.00799055	3.51503e+33	183.957	227	9  	27.2952
732	149   	111.131    	18771      	0.00799055	1126.46    	186.403	225	7  	24.2967
733	175   	50.9847    	3110.94    	0.00799055	324.174    	186.703	230	128	18.1867
734	166   	24.7467    	3051.25    	0.00799055	197.338    	187.13 	230	10 	22.7568
735	160   	100.629    	4138.37    	0.00799055	466.425    	186.143	224	10 	22.1265
736	142   	40.6867    	3534.66    	0.00799055	285.676    	188.737	259	11 	20.4946
737	183   	66.8358    	4057.38    	0.00799055	376.854    	187.27 	220	13 	21.373 
738	171   	42.8259    	3266.29    	0.00799055	296.28     	188.233	224	7  	20.1188
739	156   	36.665     	3663.25    	0.00799055	288.285    	189.063	226	123	16.9992
740	163   	34.1711    	3534.66    	0.00799055	252.603    	186.313	238	9  	22.0081
741	171   	129.725    	28978.1    	0.00799055	1680.98    	186.18 	230	57 	22.6249
742	154   	35.0341    	2971.68    	0.00799055	209.737    	185.413	224	11 	21.0275
743	174   	119.852    	18385.5    	0.00799055	1131.5     	184.613	223	4  	23.9177
744	161   	68.7023    	3509.07    	0.00799055	406.285    	184.013	223	9  	22.5346
745	144   	17.6694    	3764.57    	0.00799055	221.462    	183.443	218	1  	19.8431
746	159   	72.5774    	8985.65    	0.00799055	599.722    	183.707	259	17 	22.5335
747	151   	26.8375    	2219.44    	0.00799055	175.751    	186.477	254	120	18.2838
748	173   	84.0367    	6549.89    	0.00799055	551.632    	184.32 	226	8  	26.3266
749	156   	42.6953    	3132.81    	0.00799055	245.68     	184.44 	252	10 	21.8049
750	183   	55.2777    	3536.91    	0.00799055	347.581    	180.86 	231	9  	24.3634
751	152   	50.3493    	4154.94    	0.00799055	363.498    	181.683	247	20 	22.1295
752	150   	36.4848    	6119.29    	0.00799055	377.869    	185.357	226	123	16.8187
753	162   	50.4041    	2906.37    	0.00799055	268.241    	184.593	226	127	17.9319
754	164   	41.4745    	4058.08    	0.00799055	298.316    	185.32 	226	22 	19.3951
755	178   	64.3026    	3132.81    	0.00799055	318.634    	184.677	263	9  	21.7086
756	179   	81.0169    	3765.8     	0.00799055	432.25     	183.463	224	7  	25.0344
757	181   	44.6151    	3533.44    	0.00799055	310.484    	184.063	232	8  	22.4383
758	173   	39.151     	2677.04    	0.00799055	213.852    	185.303	252	124	18.8212
759	166   	35.0259    	3063.24    	0.00799055	256.978    	186.847	227	111	16.9591
760	150   	43.7402    	2755.72    	0.00799055	285.777    	185.607	223	115	19.3695
761	164   	79.1718    	6579.38    	0.00799055	535.396    	186.367	252	1  	24.591 
762	176   	47.7603    	3855.86    	0.00799055	352.214    	186.38 	273	2  	25.2925
763	173   	59.7798    	11468.5    	0.00799055	697.15     	188.667	224	1  	19.853 
764	162   	41.6131    	3575.86    	0.00799055	339.927    	187.57 	227	11 	23.2685
765	164   	51.5379    	2698.19    	0.00799055	298.351    	189.02 	227	122	17.9146
766	166   	33.2796    	3534.66    	0.00799055	235.994    	188.38 	227	10 	22.602 
767	171   	45.9442    	6020.99    	0.00799055	399.93     	190.817	227	150	16.7255
768	168   	54.221     	3490.8     	0.00799055	329.24     	190.04 	228	1  	23.485 
769	168   	71.237     	3485.19    	0.00799055	412.788    	190.18 	223	65 	18.5677
770	165   	53.5091    	4058.08    	0.00799055	377.643    	187.177	223	1  	21.2125
771	164   	31.5741    	2607.83    	0.00799055	227.86     	186.903	227	9  	22.9793
772	174   	83.8105    	8248.15    	0.00799055	585.501    	187.43 	218	12 	19.8395
773	167   	27.7387    	4850.56    	0.00799055	288.466    	187.517	218	80 	17.9318
774	166   	77.7228    	3372.91    	0.00799055	404.127    	185.79 	220	10 	21.4384
775	158   	22.1442    	3764.36    	0.00720284	235.67     	186.643	221	5  	20.3724
776	162   	116.261    	6119.29    	0.00720284	575.875    	184.587	220	9  	26.2948
777	164   	69.6805    	4058.08    	0.00720284	414.877    	184.91 	223	9  	20.4156
778	165   	40.4977    	6215.71    	0.00720284	374.16     	184.077	231	57 	18.1019
779	154   	49.5912    	3624.23    	0.00720284	296.568    	184.6  	244	7  	22.2877
780	156   	55.2121    	3051.25    	0.00720284	342.429    	184.177	297	8  	24.5585
781	177   	39.5939    	2587.49    	0.00720284	202.045    	184.967	236	59 	19.5991
782	162   	61.2497    	3534.66    	0.00720284	346.134    	185.773	228	11 	18.414 
783	173   	159.707    	35905.5    	0.00720284	2086.32    	186.053	226	9  	19.1647
784	154   	44.0972    	3675.29    	0.00720284	310.539    	185.717	233	1  	21.7915
785	156   	2.03279e+32	6.09838e+34	0.00537819	3.51503e+33	186.007	233	10 	16.8345
786	180   	52.0781    	4058.08    	0.00537819	363.182    	185.24 	210	8  	16.7096
787	157   	64.7836    	3827.73    	0.00537819	409.717    	186.653	218	13 	14.4324
788	168   	53.4508    	7154.97    	0.00537819	454.43     	187.37 	235	127	11.6453
789	175   	22.1449    	4058.08    	0.00439471	241.225    	185.283	211	8  	15.0409
790	167   	93.0561    	9008.96    	0.00439471	653.222    	183.587	206	2  	22.9692
791	161   	49.7751    	3534.66    	0.00439471	335.539    	183.67 	206	7  	20.2419
792	173   	100.96     	4155.65    	0.00439471	543.613    	181.227	204	3  	27.188 
793	155   	79.5832    	3675.29    	0.00439471	432.105    	184.81 	218	1  	23.7469
794	163   	106.372    	3657.51    	0.00439471	524.54     	186.013	212	1  	21.395 
795	162   	62.848     	4371.33    	0.00439471	403.859    	189.453	214	10 	16.3173
796	172   	123.483    	6105.43    	0.00439471	623.37     	187.943	226	1  	25.9001
797	164   	87.3917    	6564.87    	0.00439471	521.398    	193.113	217	7  	19.0342
798	162   	61.3968    	3675.29    	0.00438448	381.512    	193.403	217	3  	24.2711
799	160   	45.5223    	4058.08    	0.00288295	311.6      	195.347	255	7  	19.9205
800	163   	133.384    	29004.9    	0.00288295	1681.51    	195.053	247	95 	14.265 
801	174   	135.618    	27725.3    	0.00288295	1617.13    	193.633	256	7  	18.6494
802	147   	48.2999    	2996.92    	0.00288295	320.228    	193.907	240	9  	17.7228
803	164   	85.1064    	4302.86    	0.00288295	472.019    	191.757	241	3  	25.4098
804	153   	69.2062    	3534.66    	0.00288295	375.938    	192.47 	310	10 	24.8402
805	156   	76.6693    	3266.29    	0.00288295	433.123    	190.783	216	7  	19.9597
806	191   	74.7607    	3659.84    	0.00288295	391.841    	190.78 	308	11 	20.0203
807	173   	56.6024    	3266.29    	0.00288295	342.248    	188.91 	252	7  	20.4671
808	160   	69.9816    	6672.73    	0.00288295	488.281    	190.733	216	78 	13.0224
809	170   	97.0658    	6617.14    	0.00288295	566.662    	189.377	211	9  	21.7739
810	160   	137.598    	35894.1    	0.00288295	2070.39    	192.85 	220	150	8.90248
811	145   	17.913     	1180.53    	0.00288295	124.77     	191.937	224	130	11.8712
812	150   	26.6986    	2687.11    	0.00288295	185.975    	191.927	211	127	11.1137
813	162   	30.7231    	3977.53    	0.00288295	249.975    	190.603	216	11 	18.8489
814	173   	44.6934    	3051.25    	0.00288295	293.732    	191.193	243	14 	15.6212
815	174   	45.1666    	2782.67    	0.00288295	257.565    	190.553	215	89 	12.9363
816	144   	41.5983    	4155.65    	0.00288295	339.607    	190.307	214	13 	15.3514
817	159   	45.1196    	3764.57    	0.00288295	365.167    	190.903	210	1  	17.656 
818	161   	111.58     	4058.08    	0.00288295	529.26     	189.047	217	8  	22.3171
819	169   	80.9065    	3764.57    	0.00288295	471.485    	188.167	222	1  	27.9034
820	168   	57.3255    	2687.11    	0.00288295	291.447    	192.053	269	9  	16.7122
821	167   	46.9338    	2782.67    	0.00288295	260.138    	192.033	228	67 	14.4929
822	186   	55.6694    	2949.54    	0.00288295	308.377    	190.41 	245	63 	16.9498
823	155   	42.6195    	3018.96    	0.00288295	262.574    	191.193	218	75 	14.5718
824	180   	68.6319    	3627.88    	0.00288295	358.733    	189.607	246	5  	22.846 
825	170   	74.467     	6721.3     	0.00288295	505.347    	192.147	246	59 	16.8299
826	148   	36.1684    	2687.11    	0.00288295	214.79     	193.983	251	132	15.1093
827	155   	46.0866    	3487.1     	0.00288295	292.398    	192.707	250	7  	23.092 
828	150   	19.4921    	1644.02    	0.00287273	128.812    	194.7  	246	131	15.7424
829	169   	28.0995    	3051.25    	0.00287273	204.864    	194.38 	246	7  	19.8929
830	174   	75.4299    	8946.52    	0.00287273	594.052    	194.947	246	9  	20.7757
831	163   	59.974     	4057.38    	0.00287273	349.326    	194.723	246	13 	17.8337
832	157   	77.0135    	3412.07    	0.00241972	429.782    	192.887	247	9  	22.4016
833	159   	78.2045    	3659.84    	0.00241972	445.108    	191.577	399	7  	28.2598
834	183   	49.1358    	3025.74    	0.00241972	322.485    	190.2  	251	9  	22.546 
835	161   	80.7898    	6029.79    	0.00241972	519.389    	187.71 	259	1  	24.6053
836	149   	50.3819    	3711.65    	0.00241972	354.38     	189.41 	225	8  	21.2093
837	161   	47.3661    	6555.53    	0.00241972	438.729    	191.413	235	78 	11.9492
838	176   	77.5185    	3764.57    	0.00241972	378.985    	190.103	258	2  	19.976 
839	149   	48.8594    	3533.03    	0.00241972	330.966    	190.603	229	7  	20.2484
840	172   	50.094     	3660.18    	0.00241972	293.806    	193.21 	255	75 	14.56  
841	155   	37.1536    	3532.01    	0.00241972	311.153    	192.28 	216	10 	18.5419
842	170   	127.787    	6688.67    	0.00241972	652.698    	190.65 	382	8  	29.834 
843	146   	60.2252    	3537.31    	0.00241972	362.149    	193.74 	253	12 	15.9766
844	160   	22.4217    	1463.2     	0.00241972	134.289    	194.01 	222	133	11.1405
845	176   	59.9271    	3660.18    	0.00241972	355.913    	193.523	239	15 	16.915 
846	178   	121.274    	25381.4    	0.00241972	1477.88    	191.827	254	12 	18.7722
847	145   	102.492    	6023.8     	0.00241972	593.721    	194.247	254	8  	16.1187
848	144   	50.779     	2856.01    	0.00241972	309.592    	194.763	222	76 	12.6254
849	155   	85.3361    	6114.87    	0.00241972	528.034    	192.897	215	11 	21.4425
850	164   	50.875     	3132.81    	0.00241972	347.004    	192.913	254	9  	20.1173
851	166   	52.4583    	5873.74    	0.00241972	388.846    	194.357	243	84 	12.9636
852	161   	54.5316    	4132.97    	0.00241972	359.203    	192.733	258	7  	21.1151
853	198   	77.7848    	3764.59    	0.00241972	428.965    	192.523	218	7  	21.9738
854	170   	97.8517    	6160.45    	0.00241972	558.746    	193.547	219	7  	22.0574
855	144   	23.6921    	3012.91    	0.00241972	204.305    	194.363	225	13 	17.3518
856	177   	32.2226    	5977.91    	0.00241972	352.642    	195.43 	216	80 	13.6266
857	162   	64.5454    	3490.8     	0.00241972	364.494    	193.41 	218	1  	21.9966
858	149   	24.3483    	2265.44    	0.00241972	165.217    	195.81 	216	134	11.901 
859	165   	41.3066    	3534.66    	0.00241972	322.952    	194.383	216	5  	20.3466
860	165   	38.9715    	3107.8     	0.00241972	244.45     	195.313	248	72 	14.1752
861	161   	36.1568    	3251.47    	0.00241972	270.259    	195.293	220	11 	16.0603
862	153   	115.151    	4302.86    	0.00241972	539.1      	191.25 	273	4  	29.0419
863	171   	59.0446    	3536.91    	0.00241972	384.4      	193.903	233	11 	19.255 
864	179   	67.5783    	4058.08    	0.00241972	388.293    	192.963	217	8  	20.5819
865	165   	35.587     	2673.83    	0.00241972	233.843    	194.4  	258	21 	18.2167
866	149   	30.1364    	3533.44    	0.00241972	228.962    	193.857	260	8  	16.7836
867	139   	74.3187    	6688.67    	0.00241972	513.613    	193.897	245	1  	18.5296
868	153   	2.1936e+30 	6.58079e+32	0.00241972	3.79308e+31	192.837	216	7  	20.8283
869	170   	49.3463    	3534.66    	0.00241972	301.645    	192.603	260	10 	20.5502
870	169   	21.1488    	3534.66    	0.00241972	214.428    	192.507	223	10 	14.9514
871	172   	39.1187    	2808       	0.00241972	237.829    	192.217	223	9  	14.7855
872	180   	166.548    	35380.2    	0.00241972	2056.81    	191.56 	216	132	10.4134
873	170   	78.4325    	3626.63    	0.00241972	454.83     	189.07 	228	7  	24.9886
874	149   	75.1147    	4058.08    	0.00241972	449.228    	191.127	390	8  	23.7917
875	167   	104.808    	4628.87    	0.00241972	558.359    	190.413	377	9  	23.6799
876	162   	12.1022    	679.938    	0.00241972	72.7892    	191.81 	219	136	10.375 
877	179   	81.5648    	3490.8     	0.00241972	452.076    	188.243	217	1  	22.6612
878	158   	42.6629    	3821.06    	0.00241972	320.531    	190.23 	252	3  	19.8941
879	160   	17.0696    	2715.38    	0.00241972	168.285    	192.813	219	136	9.51937
880	163   	82.9061    	3660.18    	0.00241972	470.237    	189.64 	376	9  	27.515 
881	166   	60.4965    	3764.57    	0.00241972	406.38     	192.087	212	1  	14.8209
882	164   	36.8044    	3118.65    	0.00241972	270.625    	191.39 	216	9  	16.9345
883	163   	38.0368    	3540.97    	0.00241972	279.391    	192.33 	231	13 	14.9791
884	162   	72.7985    	3764.59    	0.00241972	428.227    	191.53 	236	13 	19.8268
885	156   	51.0169    	3668.61    	0.00241972	337.989    	191.997	254	3  	17.4869
886	193   	92.5996    	3107.8     	0.00241972	453.984    	191.2  	250	21 	20.9905
887	171   	44.316     	3537.31    	0.00241972	315.034    	191.563	218	10 	16.4932
888	158   	45.8342    	3051.25    	0.00241972	302.475    	191.473	248	7  	20.5678
889	167   	51.3316    	3185       	0.00241972	322.681    	191.977	256	9  	20.5816
890	163   	32.8863    	3051.25    	0.00241972	246.073    	191.03 	218	7  	19.8525
891	186   	79.31      	3107.8     	0.00241972	410.882    	191.49 	220	7  	17.5974
892	151   	47.5863    	2971.68    	0.00241972	304.254    	191.81 	218	10 	17.3649
893	152   	48.2168    	3266.29    	0.00241972	324.378    	192.243	218	7  	18.6968
894	164   	61.4259    	4058.08    	0.00241972	353.041    	190.78 	217	8  	20.6583
895	178   	45.6056    	4058.08    	0.00241972	303.872    	192.067	245	8  	19.7572
896	175   	57.036     	5291.81    	0.00241972	435.061    	192.31 	216	10 	18.3172
897	166   	51.4952    	2782.9     	0.00241972	281.086    	191.617	234	77 	17.1846
898	165   	40.9386    	2689.61    	0.00241972	259.372    	191.59 	242	98 	15.1926
899	168   	36.1291    	4058.08    	0.00241972	297.373    	193.38 	239	8  	15.4679
900	167   	35.0307    	2718.03    	0.00241972	253.605    	193.557	224	137	11.8982
--------------------------------------------------------------------------------

Best individual:
Required sequence: 2, 8, 20, 28, 50, 82, 126
Actual sequence:   1.9225827816005694, 8.001484810806822, 20.00382149045053, 27.951815680827114, 50.018222999806156, 81.90944303609155, 126.00857111721578


Best algorithm: add(add(add(mul(sub(cos(add(if_then_else(lt(abs(pi), pi), sub(n, sub(abs(-1), if_then_else(lt(add(sin(n), abs(n)), cos(sin(neg(n)))), pi, neg(n)))), sin(neg(sub(sin(sin(n)), neg(sub(sub(sin(sin(abs(-1))), neg(n)), neg(n))))))), n)), neg(sub(sin(sub(sin(n), neg(n))), neg(sub(sin(sub(pi, abs(n))), neg(n)))))), pdiv(n, 1)), add(add(mul(n, n), add(add(pdiv(add(if_then_else(lt(abs(neg(n)), sub(sin(sub(sin(sin(abs(-1))), neg(n))), neg(sub(sin(neg(n)), neg(n))))), sub(sin(abs(-1)), neg(n)), sub(cos(sub(sin(neg(sin(sin(n)))), neg(sub(sin(neg(n)), neg(n))))), neg(sub(sin(n), neg(sub(sin(neg(n)), neg(n))))))), n), -1), n), n)), cos(sub(cos(neg(sub(sin(sin(sub(sin(sin(sin(n))), sub(sin(neg(sub(pi, sin(n)))), neg(sub(sin(neg(n)), neg(n))))))), neg(sub(sub(sin(sub(sin(neg(n)), neg(n))), neg(n)), neg(n)))))), neg(sub(sin(n), neg(sub(sin(sin(sub(cos(n), neg(n)))), neg(n))))))))), n), add(pdiv(pi, -1), n))

Failed!