   	      	                          fitness                          	              size             
   	      	-----------------------------------------------------------	-------------------------------
gen	nevals	avg        	max        	min     	std        	avg    	max	min	std    
0  	300   	520027     	1e+06      	-26.2353	499572     	3.95333	10 	2  	1.85593
1  	157   	1.53789e+16	4.61366e+18	-26.2353	2.65925e+17	3.85333	13 	1  	1.9558 
2  	161   	133324     	1e+06      	-26.2353	339938     	3.85   	14 	1  	2.34823
3  	170   	119986     	1e+06      	-26.2353	324967     	4.50333	13 	1  	2.75862
4  	169   	86648.3    	1e+06      	-26.2353	281352     	5.72   	12 	1  	3.12436
5  	167   	69979      	1e+06      	-26.2353	255153     	7.62333	14 	1  	3.34686
6  	182   	69980.7    	1e+06      	-26.2353	255152     	8.87   	17 	2  	2.74829
7  	173   	56644.1    	1e+06      	-26.2353	231210     	9.47667	18 	2  	2.60566
8  	161   	46642.9    	1e+06      	-26.2353	210929     	9.74333	19 	2  	2.64023
9  	166   	53309.6    	1e+06      	-26.2353	224703     	9.76   	19 	1  	2.52238
10 	166   	39978.2    	1e+06      	-26.2353	195964     	10.2733	26 	2  	2.72494
11 	166   	7.18027e+16	2.15408e+19	-26.2353	1.24158e+18	10.27  	39 	1  	3.38089
12 	164   	33309      	1e+06      	-26.2353	179510     	10.53  	39 	1  	3.34302
13 	146   	43309.3    	1e+06      	-26.2353	203611     	11.02  	39 	4  	3.80696
14 	148   	46642.4    	1e+06      	-26.2353	210929     	11.1467	39 	4  	4.43229
15 	174   	43310      	1e+06      	-26.2353	203611     	11.2967	39 	1  	4.54848
16 	176   	23309.4    	1e+06      	-26.2353	150964     	11.1567	39 	1  	3.70479
17 	159   	43309.7    	1e+06      	-26.2353	203611     	11     	22 	1  	3.2414 
18 	167   	49976.3    	1e+06      	-26.2353	217950     	11.0667	23 	1  	3.39738
19 	152   	29975.3    	1e+06      	-26.2353	170592     	11.5   	24 	6  	3.188  
20 	157   	1.43605e+17	2.15408e+19	-26.2353	1.75293e+18	11.34  	22 	3  	3.32932
21 	184   	39975.7    	1e+06      	-26.2353	195964     	11.65  	25 	1  	3.54319
22 	145   	33309      	1e+06      	-26.2353	179510     	11.82  	25 	4  	3.52433
23 	180   	59978.5    	1e+06      	-26.2353	237492     	11.6333	24 	1  	3.72454
24 	160   	29978.1    	1e+06      	-26.2353	170591     	11.9733	24 	1  	4.05454
25 	164   	66643.2    	1e+06      	-26.2353	249450     	12.3533	29 	1  	4.44768
26 	141   	36642.6    	1e+06      	-26.2353	187947     	12.9   	36 	1  	4.5074 
27 	142   	43309.9    	1e+06      	-26.2353	203611     	12.3467	41 	1  	5.06555
28 	167   	59977.1    	1e+06      	-26.2353	237493     	12.95  	41 	1  	5.35358
29 	133   	46642.5    	1e+06      	-26.2353	210929     	13.6033	41 	1  	5.42396
30 	149   	16642.1    	1e+06      	-26.2353	128022     	14.0433	41 	1  	5.5439 
31 	175   	46642.7    	1e+06      	-26.2353	210929     	14.6   	41 	1  	6.12971
32 	166   	33312.8    	1e+06      	-26.2353	179509     	14     	42 	1  	5.83381
33 	163   	46644      	1e+06      	-26.2353	210929     	14.4467	42 	1  	6.45914
34 	179   	56643.4    	1e+06      	-26.2353	231210     	14.4533	42 	1  	6.35252
35 	154   	36642.3    	1e+06      	-26.2353	187947     	14.58  	42 	2  	6.37889
36 	172   	49976      	1e+06      	-26.2353	217950     	14.85  	48 	4  	6.3839 
37 	165   	53309.4    	1e+06      	-26.2353	224703     	15.2367	48 	1  	6.50236
38 	184   	29975.4    	1e+06      	-26.2353	170592     	15.4733	52 	1  	6.75396
39 	164   	26642.8    	1e+06      	-26.2353	161111     	15.6833	61 	3  	7.1668 
40 	164   	29975.2    	1e+06      	-26.2353	170592     	15.8933	61 	1  	7.36989
41 	171   	29976      	1e+06      	-26.2353	170591     	16.34  	57 	4  	8.06046
42 	157   	4.73656e+15	1.42097e+18	-26.2353	8.19027e+16	17.1   	57 	4  	8.79223
43 	182   	43309.2    	1e+06      	-26.2353	203612     	16.53  	54 	3  	8.463  
44 	139   	33308.7    	1e+06      	-26.2353	179510     	16.98  	54 	1  	8.75212
45 	176   	7.18027e+16	2.15408e+19	-26.2353	1.24158e+18	17.6233	54 	1  	9.62608
46 	165   	39975.9    	1e+06      	-26.2353	195964     	18.8533	59 	6  	10.4508
47 	157   	6.82053e+15	2.04616e+18	-26.2353	1.17938e+17	20.4667	66 	1  	12.1297
48 	175   	23309.1    	1e+06      	-26.2353	150964     	20.6033	66 	1  	11.7195
49 	150   	36641.8    	1e+06      	-26.2353	187947     	21.6467	64 	3  	11.3085
50 	167   	23308.2    	1e+06      	-26.2353	150964     	22.15  	69 	1  	11.3637
51 	172   	13308.5    	1e+06      	-26.2353	114701     	22.7667	73 	6  	12.4375
52 	156   	23309.6    	1e+06      	-26.2353	150964     	22.8433	64 	3  	12.0216
53 	149   	39975.6    	1e+06      	-26.2353	195964     	23.14  	64 	2  	11.3567
54 	165   	33309      	1e+06      	-26.2353	179510     	23.4133	64 	1  	11.7511
55 	172   	36642.3    	1e+06      	-26.2353	187947     	24.1867	68 	6  	11.3862
56 	183   	29975.5    	1e+06      	-26.2353	170592     	23.4067	66 	1  	11.2363
57 	138   	16641.4    	1e+06      	-26.2353	128022     	24.2467	73 	1  	11.1265
58 	167   	19975.4    	1e+06      	-26.2353	140004     	25.06  	59 	6  	11.2648
59 	172   	23308.2    	1e+06      	-26.4291	150964     	26.23  	57 	2  	11.4273
60 	163   	33309.4    	1e+06      	-26.4291	179510     	27.0833	64 	3  	11.6903
61 	148   	16641.1    	1e+06      	-26.4291	128022     	26.99  	76 	7  	12.8886
62 	166   	36641.6    	1e+06      	-26.4291	187947     	27.29  	83 	2  	14.6344
63 	169   	23308.3    	1e+06      	-26.4291	150964     	29.65  	83 	1  	16.0551
64 	177   	19974.9    	1e+06      	-26.4291	140004     	34.8   	87 	2  	18.4096
65 	177   	29974.7    	1e+06      	-26.4291	170592     	44.53  	116	1  	19.2159
66 	177   	16641.1    	1e+06      	-26.4291	128022     	51.63  	107	8  	16.9806
67 	156   	9974.1     	1e+06      	-26.4291	99501.3    	51.0967	134	1  	18.0235
68 	164   	16641      	1e+06      	-26.4503	128022     	53.2467	134	1  	19.0461
69 	169   	16640.7    	1e+06      	-26.4503	128022     	54.0467	125	2  	19.6785
70 	146   	26641.4    	1e+06      	-26.4503	161111     	52.8567	125	11 	21.142 
71 	153   	33308.2    	1e+06      	-26.4503	179510     	51.4867	117	1  	20.999 
72 	145   	19974.5    	1e+06      	-26.4503	140004     	49.9967	121	11 	21.4013
73 	176   	23307.9    	1e+06      	-26.482 	150964     	45.94  	121	1  	20.4627
74 	172   	33308.3    	1e+06      	-26.482 	179510     	39.5267	96 	11 	17.2142
75 	145   	7.88358e+16	2.36507e+19	-26.482 	1.3632e+18 	36.2767	96 	8  	14.4072
76 	153   	23308.8    	1e+06      	-26.482 	150964     	32.7233	80 	3  	10.3612
77 	175   	29974.7    	1e+06      	-26.482 	170592     	33.3033	70 	11 	9.36116
78 	179   	36642.1    	1e+06      	-26.482 	187947     	35.5233	69 	1  	10.8245
79 	159   	36641.4    	1e+06      	-26.482 	187947     	38.56  	87 	6  	11.6072
80 	163   	29974.7    	1e+06      	-26.4834	170592     	40.1733	89 	4  	12.9657
81 	184   	46642.1    	1e+06      	-26.4834	210929     	41.6733	90 	3  	13.7681
82 	153   	33308.9    	1e+06      	-26.4834	179510     	44.7   	90 	11 	15.3639
83 	166   	8.28441e+16	2.48532e+19	-26.4872	1.43251e+18	44.4367	93 	12 	15.7211
84 	181   	39974.9    	1e+06      	-26.4872	195964     	42.7633	108	1  	14.816 
85 	167   	8.28441e+16	2.48532e+19	-26.4872	1.43251e+18	41.5033	94 	11 	12.9686
86 	158   	39974.8    	1e+06      	-26.4872	195964     	38.8033	84 	3  	7.94049
87 	178   	16641.1    	1e+06      	-26.4872	128022     	39.63  	76 	11 	8.90542
88 	167   	2.21414e+16	6.64242e+18	-26.4873	3.82861e+17	43.3933	85 	2  	10.9236
89 	160   	49975.5    	1e+06      	-26.4873	217951     	46.77  	85 	1  	12.0218
90 	167   	39975.3    	1e+06      	-26.4873	195964     	48.1967	86 	1  	12.544 
91 	164   	46642.3    	1e+06      	-26.4873	210929     	48.39  	93 	4  	14.0958
92 	170   	53308.7    	1e+06      	-26.4873	224703     	48.5667	93 	2  	15.2741
93 	161   	8.35659e+16	2.50698e+19	-26.4873	1.44499e+18	46.5833	95 	1  	14.4103
94 	171   	1.08545e+16	3.25635e+18	-26.4873	1.87692e+17	46.4467	100	1  	14.507 
95 	151   	33308.7    	1e+06      	-26.4873	179510     	45.4133	104	1  	14.3314
96 	162   	49975.2    	1e+06      	-26.4873	217951     	44.56  	101	4  	12.2806
97 	171   	36641.6    	1e+06      	-26.4873	187947     	43.57  	102	12 	11.0187
98 	187   	33314.7    	1e+06      	-26.4873	179509     	44.5   	102	3  	12.8207
99 	174   	29974.9    	1e+06      	-26.4873	170592     	45.2233	98 	13 	12.681 
100	144   	33308.2    	1e+06      	-26.4873	179510     	46.8633	105	10 	14.1112
101	173   	46641.7    	1e+06      	-26.4873	210929     	47.16  	98 	19 	13.5063
102	160   	26641.5    	1e+06      	-26.4873	161111     	46.2767	88 	15 	12.4379
103	145   	46642      	1e+06      	-26.4873	210929     	46.6933	92 	12 	13.4628
104	143   	43308.4    	1e+06      	-26.4873	203612     	47.9367	100	1  	15.2179
105	163   	16643.3    	1e+06      	-26.4873	128022     	49.9   	96 	13 	15.5215
106	161   	29974.8    	1e+06      	-26.4873	170592     	51.0433	124	3  	16.3263
107	173   	8.32759e+16	2.49828e+19	-26.4873	1.43997e+18	51.32  	124	1  	16.7485
108	164   	33308.5    	1e+06      	-26.4873	179510     	52.66  	124	10 	18.137 
109	182   	29974.7    	1e+06      	-26.4873	170592     	53.48  	107	16 	16.7773
110	169   	43309.2    	1e+06      	-26.4873	203612     	54.61  	116	3  	17.751 
111	164   	26641.3    	1e+06      	-26.4873	161111     	56.4533	108	7  	17.7263
112	152   	33308.1    	1e+06      	-26.4873	179510     	56.62  	108	2  	18.9827
113	171   	43308.3    	1e+06      	-26.4873	203612     	56.83  	108	8  	17.7415
114	178   	39975.4    	1e+06      	-26.4873	195964     	57.4933	115	1  	18.6422
115	169   	29974.9    	1e+06      	-26.4873	170592     	59.08  	131	14 	19.7695
116	171   	33308.2    	1e+06      	-26.4873	179510     	60.8833	133	14 	20.6141
117	159   	19974.3    	1e+06      	-26.4873	140004     	63.2333	133	4  	20.9007
118	179   	2.21414e+16	6.64242e+18	-26.4873	3.82861e+17	64.0367	133	19 	21.9254
119	181   	43309.3    	1e+06      	-26.4873	203611     	65.8767	145	2  	23.0134
120	180   	63309.1    	1e+06      	-26.4873	243568     	67.51  	141	12 	23.474 
121	171   	6640.73    	1e+06      	-26.4873	81379.2    	67.4567	156	2  	22.2002
122	169   	39975.1    	1e+06      	-26.4873	195964     	68.25  	166	2  	22.9024
123	184   	36642.2    	1e+06      	-26.4873	187947     	68.42  	166	17 	25.1299
124	162   	29975.5    	1e+06      	-26.4873	170592     	70.9067	186	3  	27.296 
125	168   	19974.4    	1e+06      	-26.4873	140004     	73.6067	186	1  	27.8739
126	190   	29974.6    	1e+06      	-26.4873	170592     	76.4233	187	18 	31.1744
127	171   	16640.8    	1e+06      	-26.4873	128022     	80.8333	183	27 	31.2234
128	149   	16640.9    	1e+06      	-26.4873	128022     	82.71  	185	16 	33.0794
129	170   	6644.28    	1e+06      	-26.4873	81378.9    	81.7367	187	10 	34.1807
130	181   	19974.2    	1e+06      	-26.4873	140004     	82.72  	172	3  	31.7519
131	182   	8.32759e+16	2.49828e+19	-26.4873	1.43997e+18	82.1567	175	7  	34.8101
132	164   	19974.9    	1e+06      	-26.4873	140004     	83.9633	193	1  	36.9742
133	166   	33308.1    	1e+06      	-26.4873	179510     	88.32  	207	26 	39.0037
134	158   	26641.5    	1e+06      	-26.4873	161111     	88.5867	210	15 	38.6915
135	167   	16640.8    	1e+06      	-26.4873	128022     	91.9067	210	19 	40.5493
136	165   	26641.7    	1e+06      	-26.4873	161111     	93.8433	231	9  	39.9429
137	166   	26641      	1e+06      	-26.4873	161112     	93.0667	225	21 	39.8313
138	144   	6640.41    	1e+06      	-26.4873	81379.2    	90.56  	207	28 	37.8977
139	161   	23307.6    	1e+06      	-26.4873	150964     	90.22  	221	17 	38.2602
140	184   	16641.1    	1e+06      	-26.4873	128022     	91.85  	221	19 	40.2842
141	156   	13307.4    	1e+06      	-26.4873	114701     	91.9233	218	21 	42.6639
142	151   	19974.3    	1e+06      	-26.4873	140004     	95.95  	225	1  	45.9412
143	164   	36641.5    	1e+06      	-26.4873	187947     	101.637	218	6  	48.6029
144	164   	26641      	1e+06      	-26.4873	161112     	105.087	227	8  	48.6563
145	168   	16640.7    	1e+06      	-26.4873	128022     	102.53 	226	21 	47.1911
146	165   	33308.6    	1e+06      	-26.4873	179510     	102.633	237	15 	46.5032
147	161   	26641.5    	1e+06      	-26.4873	161111     	106.243	249	23 	47.4043
148	173   	16640.9    	1e+06      	-26.4873	128022     	100.537	259	1  	49.6407
149	164   	13308.4    	1e+06      	-26.4873	114701     	106.733	241	15 	50.1316
150	157   	16640.8    	1e+06      	-26.4873	128022     	109.643	250	14 	50.5918
151	160   	8.32759e+16	2.49828e+19	-26.4873	1.43997e+18	112.847	258	23 	49.9051
152	164   	23307.5    	1e+06      	-26.4873	150964     	116.3  	258	26 	51.7926
153	156   	26641.1    	1e+06      	-26.4873	161112     	113.447	265	20 	53.2961
154	147   	13309.7    	1e+06      	-26.4873	114700     	113.85 	265	19 	50.7805
155	177   	26641.1    	1e+06      	-26.4873	161112     	111.703	279	12 	50.3126
156	177   	29975.9    	1e+06      	-26.4873	170591     	116.627	247	1  	49.8961
157	172   	8.32759e+16	2.49828e+19	-26.4873	1.43997e+18	116.92 	247	1  	48.1518
158	158   	9974.45    	1e+06      	-26.4873	99501.3    	115.35 	253	29 	50.0322
159	142   	9973.8     	1e+06      	-26.4873	99501.4    	118.167	260	28 	48.1738
160	180   	9974.63    	1e+06      	-26.4873	99501.3    	114.883	260	16 	50.1889
161	175   	26641.3    	1e+06      	-26.4873	161111     	119.03 	253	1  	52.0149
162	173   	16641.5    	1e+06      	-26.4873	128022     	122.53 	226	20 	50.9242
163	168   	29976.6    	1e+06      	-26.4873	170591     	126.813	285	27 	54.1272
164	163   	16640.9    	1e+06      	-26.4873	128022     	125.713	316	1  	53.0323
165	161   	26641      	1e+06      	-26.4873	161112     	128.517	287	16 	49.6508
166	161   	6640.56    	1e+06      	-26.4873	81379.2    	131.22 	259	7  	48.0502
167	160   	23307.5    	1e+06      	-26.4873	150964     	127.777	261	3  	49.4475
168	156   	16641      	1e+06      	-26.4873	128022     	123.84 	256	36 	48.723 
169	145   	13308.7    	1e+06      	-26.4873	114701     	126.417	256	33 	50.5625
170	142   	16641.5    	1e+06      	-26.4873	128022     	126.257	256	10 	51.3613
171	159   	13307.3    	1e+06      	-26.4873	114701     	128.14 	253	33 	51.993 
172	167   	23307.5    	1e+06      	-26.4873	150964     	132.057	289	27 	56.0632
173	165   	16643.2    	1e+06      	-26.4873	128022     	137.18 	259	36 	54.4346
174	206   	23307.8    	1e+06      	-26.4873	150964     	132.517	266	3  	57.3795
175	176   	9973.83    	1e+06      	-26.4873	99501.4    	130.56 	272	20 	58.2669
176	154   	6641.04    	1e+06      	-26.4873	81379.1    	136.96 	270	25 	57.3012
177	159   	13307.4    	1e+06      	-26.4873	114701     	130.17 	266	30 	56.8109
178	165   	9976.74    	1e+06      	-26.4873	99501.1    	138.23 	263	8  	58.6609
179	173   	9974.06    	1e+06      	-26.4873	99501.4    	134.143	258	35 	57.5094
180	171   	9973.95    	1e+06      	-26.4873	99501.4    	136.5  	293	29 	59.301 
181	172   	19974.2    	1e+06      	-26.4873	140004     	130.747	285	29 	60.6403
182	174   	26641.2    	1e+06      	-26.4873	161111     	135.743	285	1  	60.5636
183	155   	6640.41    	1e+06      	-26.4873	81379.2    	136.563	285	24 	58.5447
184	150   	9973.99    	1e+06      	-26.4873	99501.4    	138.613	316	9  	60.9077
185	186   	13307.4    	1e+06      	-26.4873	114701     	136.437	335	23 	63.7   
186	157   	9973.92    	1e+06      	-26.4873	99501.4    	145.347	335	21 	66.4806
187	162   	13308.4    	1e+06      	-26.4873	114701     	142.077	339	22 	66.9992
188	163   	13307.9    	1e+06      	-26.4873	114701     	150.503	340	4  	70.334 
189	166   	9974.13    	1e+06      	-26.4873	99501.3    	149.713	380	29 	68.9406
190	200   	16640.8    	1e+06      	-26.4873	128022     	150.99 	386	28 	71.1702
191	144   	8.32759e+16	2.49828e+19	-26.4873	1.43997e+18	155.54 	386	34 	67.1635
192	173   	13307.5    	1e+06      	-26.4873	114701     	155.16 	389	34 	67.5308
193	169   	9974.15    	1e+06      	-26.4873	99501.3    	148.48 	314	3  	60.106 
194	154   	6640.45    	1e+06      	-26.4873	81379.2    	152.937	314	33 	63.6263
195	164   	13307.4    	1e+06      	-26.4873	114701     	148.083	314	10 	65.631 
196	169   	16642      	1e+06      	-26.4873	128022     	152.02 	321	2  	67.9457
197	149   	13307.3    	1e+06      	-26.4873	114701     	151.5  	297	31 	65.8798
198	151   	9973.95    	1e+06      	-26.4873	99501.4    	156.96 	297	3  	68.7469
199	166   	9974.42    	1e+06      	-26.4873	99501.3    	155.77 	312	2  	67.3843
200	151   	13307.4    	1e+06      	-26.4873	114701     	164.173	337	20 	67.7409
201	155   	13307.3    	1e+06      	-26.4873	114701     	171.147	368	33 	70.35  
202	177   	6640.64    	1e+06      	-26.4873	81379.2    	173.84 	368	33 	72.1474
203	145   	-26.326    	-15.1107   	-26.4873	1.0567     	173.177	368	22 	70.6108
204	150   	23307.6    	1e+06      	-26.4873	150964     	173.71 	346	32 	68.8501
205	170   	6640.68    	1e+06      	-26.4873	81379.2    	165.327	346	31 	64.1534
206	176   	16641.3    	1e+06      	-26.4873	128022     	162.4  	346	15 	68.3599
207	158   	13307.4    	1e+06      	-26.4873	114701     	160.88 	346	31 	71.1826
208	175   	29974.5    	1e+06      	-26.4873	170592     	153.98 	346	1  	66.1154
209	168   	16640.8    	1e+06      	-26.4873	128022     	149.32 	346	19 	64.043 
210	152   	16640.7    	1e+06      	-26.4873	128022     	157.24 	316	8  	61.3385
211	160   	9974.47    	1e+06      	-26.4873	99501.3    	146.503	321	11 	61.9227
212	157   	16640.8    	1e+06      	-26.4873	128022     	151.233	313	33 	60.5864
213	180   	19974.4    	1e+06      	-26.4873	140004     	153.53 	313	15 	60.9374
214	143   	19974.1    	1e+06      	-26.4873	140004     	157.033	313	22 	62.5655
215	177   	13307.3    	1e+06      	-26.4873	114701     	162.563	314	33 	63.6553
216	169   	6640.56    	1e+06      	-26.4873	81379.2    	164.417	317	17 	68.2149
217	183   	26641      	1e+06      	-26.4873	161112     	165.427	324	10 	67.6506
218	146   	6640.39    	1e+06      	-26.4873	81379.2    	166.83 	326	34 	68.6813
219	173   	3307.16    	1e+06      	-26.4873	57640.2    	162.4  	345	33 	66.8617
220	166   	16640.8    	1e+06      	-26.4873	128022     	161.32 	338	6  	64.1357
221	167   	9973.8     	1e+06      	-26.4873	99501.4    	164.303	385	36 	66.0491
222	159   	16640.9    	1e+06      	-26.4873	128022     	159.35 	385	12 	68.8573
223	150   	13307.2    	1e+06      	-26.4873	114701     	156.6  	385	32 	69.27  
224	166   	9973.78    	1e+06      	-26.4873	99501.4    	162.497	385	31 	70.6275
225	150   	16640.9    	1e+06      	-26.4873	128022     	164.023	385	2  	67.4095
226	149   	9973.88    	1e+06      	-26.4873	99501.4    	165.03 	385	15 	70.4676
227	175   	23308.2    	1e+06      	-26.4873	150964     	168.127	387	24 	74.5167
228	176   	19974.2    	1e+06      	-26.4873	140004     	157.287	387	31 	69.6155
229	182   	13307.4    	1e+06      	-26.4873	114701     	155.283	387	12 	67.4415
230	160   	9973.99    	1e+06      	-26.4873	99501.4    	161.05 	385	31 	67.9396
231	186   	3307.06    	1e+06      	-26.4873	57640.2    	160.403	375	2  	64.6878
232	173   	16641.9    	1e+06      	-26.4873	128022     	158.193	375	7  	65.8517
233	154   	3307.05    	1e+06      	-26.4873	57640.2    	157.593	354	30 	62.2761
234	175   	9973.93    	1e+06      	-26.4873	99501.4    	154.457	354	27 	66.9969
235	158   	13307.3    	1e+06      	-26.4873	114701     	157.453	329	36 	62.3926
236	178   	13307.5    	1e+06      	-26.4873	114701     	150.083	318	7  	61.5546
237	149   	16640.7    	1e+06      	-26.4873	128022     	156.267	355	32 	60.8387
238	158   	9974.12    	1e+06      	-26.4873	99501.3    	156.81 	324	38 	61.647 
239	161   	13307.3    	1e+06      	-26.4873	114701     	154.653	369	38 	58.8003
240	148   	9974.17    	1e+06      	-26.4873	99501.3    	157.31 	375	1  	64.8221
241	170   	16640.7    	1e+06      	-26.4873	128022     	163.12 	375	4  	62.5965
242	174   	16641.4    	1e+06      	-26.4873	128022     	163.477	371	35 	63.1459
243	160   	3307.14    	1e+06      	-26.4873	57640.2    	168.443	392	10 	67.2241
244	180   	9973.92    	1e+06      	-26.4873	99501.4    	169    	374	33 	68.0505
245	162   	13307.4    	1e+06      	-26.4873	114701     	174.463	374	27 	67.9944
246	160   	6640.96    	1e+06      	-26.4873	81379.1    	178.507	374	39 	68.5229
247	160   	13307.4    	1e+06      	-26.4873	114701     	176.003	376	35 	69.6657
248	167   	-25.335    	141.399    	-26.4873	12.9275    	177.737	376	37 	69.1216
249	136   	3307.06    	1e+06      	-26.4873	57640.2    	169.107	394	35 	69.5709
250	168   	6640.47    	1e+06      	-26.4873	81379.2    	162.107	353	29 	68.6057
251	146   	9974.01    	1e+06      	-26.4873	99501.4    	153.75 	337	29 	61.1712
252	145   	16640.8    	1e+06      	-26.4873	128022     	154.087	322	1  	60.928 
253	194   	2.72206e+16	8.16619e+18	-26.4873	4.70689e+17	158.323	322	29 	59.4915
254	167   	9973.89    	1e+06      	-26.4873	99501.4    	159.377	350	27 	62.4676
255	167   	13307.7    	1e+06      	-26.4873	114701     	155.303	331	25 	60.6665
256	164   	3307.08    	1e+06      	-26.4873	57640.2    	152.273	331	17 	60.5788
257	156   	16641      	1e+06      	-26.4873	128022     	157.007	331	7  	59.3728
258	159   	9973.95    	1e+06      	-26.4873	99501.4    	155.44 	331	27 	58.9263
259	178   	19974.3    	1e+06      	-26.4873	140004     	157.653	289	15 	57.8321
260	160   	16641.3    	1e+06      	-26.4873	128022     	157.787	329	25 	60.6759
261	176   	16640.7    	1e+06      	-26.4873	128022     	163.907	329	1  	60.7247
262	150   	9973.87    	1e+06      	-26.4873	99501.4    	162.47 	329	18 	59.5229
263	161   	-26.4071   	-16.1904   	-26.4873	0.790985   	161.023	343	34 	57.3787
264	156   	9974.06    	1e+06      	-26.4873	99501.4    	161.083	343	29 	57.7865
265	163   	3306.95    	1e+06      	-26.4873	57640.2    	163.993	379	26 	59.9901
266	166   	13307.4    	1e+06      	-26.4873	114701     	164.097	379	2  	61.7321
267	166   	6640.54    	1e+06      	-26.4873	81379.2    	164.6  	378	33 	65.3636
268	186   	19974.3    	1e+06      	-26.4873	140004     	159.513	348	33 	65.0785
269	183   	9973.96    	1e+06      	-26.4873	99501.4    	160.68 	348	38 	64.1223
270	173   	16641      	1e+06      	-26.4873	128022     	157.213	348	2  	66.4241
271	157   	3306.96    	1e+06      	-26.4873	57640.2    	158.593	347	38 	64.2429
272	185   	6640.46    	1e+06      	-26.4873	81379.2    	160.827	354	34 	64.2831
273	174   	9974.02    	1e+06      	-26.4873	99501.4    	160.407	349	30 	64.5447
274	174   	13307.9    	1e+06      	-26.4873	114701     	161.423	333	16 	66.8015
275	176   	9973.97    	1e+06      	-26.4873	99501.4    	160.773	337	22 	69.0609
276	169   	13307.2    	1e+06      	-26.4873	114701     	162.523	337	3  	69.8468
277	167   	19974.2    	1e+06      	-26.4873	140004     	158.06 	350	15 	73.4546
278	181   	9973.95    	1e+06      	-26.4873	99501.4    	158.617	350	16 	75.8501
279	178   	16640.7    	1e+06      	-26.4873	128022     	158.683	350	21 	74.2839
280	166   	16640.6    	1e+06      	-26.4873	128022     	168.217	358	35 	72.1885
281	178   	16640.8    	1e+06      	-26.4873	128022     	168.953	343	5  	70.7047
282	168   	9973.89    	1e+06      	-26.4873	99501.4    	175.547	338	34 	69.6492
283	159   	6641.12    	1e+06      	-26.4873	81379.1    	171.49 	332	39 	66.1739
284	157   	3306.99    	1e+06      	-26.4873	57640.2    	181.04 	350	39 	66.2014
285	166   	13307.3    	1e+06      	-26.4873	114701     	181.57 	350	19 	66.8588
286	159   	6640.45    	1e+06      	-26.4873	81379.2    	180.713	346	34 	71.2378
287	165   	16640.8    	1e+06      	-26.4873	128022     	179.84 	388	19 	74.1339
288	165   	23307.5    	1e+06      	-26.4873	150964     	181.17 	391	23 	74.8009
289	151   	6640.39    	1e+06      	-26.4873	81379.2    	180.497	360	38 	71.9987
290	169   	13307.3    	1e+06      	-26.4873	114701     	180.203	401	2  	74.4363
291	167   	23308.1    	1e+06      	-26.4873	150964     	177.917	362	15 	69.0925
292	155   	23307.5    	1e+06      	-26.4873	150964     	178.82 	377	26 	68.4483
293	153   	6640.4     	1e+06      	-26.4873	81379.2    	183.9  	379	37 	66.983 
294	164   	6640.44    	1e+06      	-26.4873	81379.2    	181.937	379	37 	66.1091
295	163   	13307.4    	1e+06      	-26.4873	114701     	181.16 	377	37 	69.7073
296	167   	9974.08    	1e+06      	-26.4873	99501.3    	183.907	383	4  	75.0934
297	158   	19978      	1e+06      	-26.4873	140003     	195.177	370	5  	76.0927
298	168   	16640.8    	1e+06      	-26.4873	128022     	192.547	368	37 	77.5856
299	181   	6640.62    	1e+06      	-26.4873	81379.2    	187.237	430	2  	72.2685
300	148   	13307.2    	1e+06      	-26.4873	114701     	190.357	430	26 	67.6196
301	163   	3307.27    	1e+06      	-26.4873	57640.2    	191.797	355	43 	68.0245
302	181   	3307.12    	1e+06      	-26.4873	57640.2    	193    	356	50 	66.1497
303	169   	6640.62    	1e+06      	-26.4873	81379.2    	192.343	359	44 	65.4616
304	173   	13307.4    	1e+06      	-26.4873	114701     	185.81 	366	1  	71.4152
305	159   	3307.14    	1e+06      	-26.4873	57640.2    	190.913	369	34 	69.0758
306	168   	3307.28    	1e+06      	-26.4873	57640.2    	192.043	379	33 	66.592 
307	177   	9974.43    	1e+06      	-26.4873	99501.3    	194.733	348	40 	65.432 
308	133   	3307       	1e+06      	-26.4873	57640.2    	197.173	309	50 	64.1153
309	170   	3307.56    	1e+06      	-26.4873	57640.2    	196.077	347	50 	64.7012
310	180   	9974.06    	1e+06      	-26.4873	99501.4    	193.77 	347	60 	64.6986
311	138   	16640.7    	1e+06      	-26.4873	128022     	186.617	347	53 	64.2475
312	168   	9973.85    	1e+06      	-26.4873	99501.4    	189.467	338	39 	66.8787
313	171   	6640.55    	1e+06      	-26.4873	81379.2    	194.707	389	35 	68.9377
314	151   	19974.2    	1e+06      	-26.4873	140004     	192.167	389	28 	68.3732
315	143   	13307.3    	1e+06      	-26.4873	114701     	184.973	389	34 	66.8342
316	156   	3307.28    	1e+06      	-26.4873	57640.2    	187.703	369	34 	66.7473
317	155   	3307.08    	1e+06      	-26.4873	57640.2    	189.13 	369	1  	73.4342
318	153   	9973.98    	1e+06      	-26.4873	99501.4    	191.337	363	48 	75.9697
319	161   	3307.17    	1e+06      	-26.4873	57640.2    	193.14 	362	48 	78.6522
320	158   	13307.7    	1e+06      	-26.4873	114701     	192.917	353	16 	79.0252
321	176   	-26.146    	6.32869    	-26.4873	2.64615    	195.913	445	15 	83.1268
322	149   	6640.47    	1e+06      	-26.4873	81379.2    	193.32 	331	33 	83.2173
323	160   	16640.6    	1e+06      	-26.4873	128022     	192.37 	342	40 	82.5365
324	159   	9973.9     	1e+06      	-26.4873	99501.4    	193.133	356	3  	80.5871
325	162   	9973.84    	1e+06      	-26.4873	99501.4    	190.013	357	4  	80.4866
326	174   	13307.8    	1e+06      	-26.4873	114701     	194.697	361	3  	82.7827
327	150   	6641.43    	1e+06      	-26.4873	81379.1    	195.02 	368	17 	80.2086
328	172   	16640.7    	1e+06      	-26.4873	128022     	195.937	368	14 	76.3629
329	156   	23308.2    	1e+06      	-26.4873	150964     	192.873	370	2  	75.6654
330	167   	9973.85    	1e+06      	-26.4873	99501.4    	200.85 	365	40 	72.7719
331	176   	16640.7    	1e+06      	-26.4873	128022     	197.32 	368	10 	71.96  
332	162   	9973.9     	1e+06      	-26.4873	99501.4    	194.44 	365	16 	68.5681
333	166   	6640.84    	1e+06      	-26.4873	81379.2    	194.937	363	1  	70.5284
334	175   	3307.21    	1e+06      	-26.4873	57640.2    	198.197	363	42 	68.5321
335	166   	6641.48    	1e+06      	-26.4873	81379.1    	198.72 	363	40 	72.2154
336	184   	13307.4    	1e+06      	-26.4873	114701     	196.153	359	40 	75.5606
337	168   	6640.52    	1e+06      	-26.4873	81379.2    	189.49 	403	40 	73.273 
338	156   	9974.52    	1e+06      	-26.4873	99501.3    	194.503	404	40 	78.0662
339	171   	-26.4291   	-9.09029   	-26.4873	1.00273    	203.903	427	46 	76.8771
340	166   	13307.3    	1e+06      	-26.4873	114701     	204.02 	433	28 	84.6418
341	167   	3306.95    	1e+06      	-26.4873	57640.2    	196.903	433	45 	82.9873
342	167   	-26.2543   	0          	-26.4873	1.96039    	196.973	418	35 	85.8376
343	164   	9973.94    	1e+06      	-26.4873	99501.4    	192.503	444	36 	86.3305
344	175   	16640.8    	1e+06      	-26.4873	128022     	197.557	422	6  	89.3241
345	194   	13307.3    	1e+06      	-26.4873	114701     	195.523	422	28 	88.8751
346	177   	19974.1    	1e+06      	-26.4873	140004     	198.33 	424	28 	91.5379
347	163   	9974.56    	1e+06      	-26.4873	99501.3    	207.407	417	6  	92.0804
348	180   	6640.5     	1e+06      	-26.4873	81379.2    	202.667	405	26 	87.0476
349	175   	9974.95    	1e+06      	-26.4873	99501.3    	197.737	407	14 	91.0459
350	170   	9973.85    	1e+06      	-26.4873	99501.4    	202.603	407	20 	88.461 
351	167   	3307.4     	1e+06      	-26.4873	57640.2    	202.1  	410	23 	87.3992
352	167   	3307.48    	1e+06      	-26.4873	57640.2    	210.363	434	50 	84.6397
353	158   	16640.8    	1e+06      	-26.4873	128022     	208.86 	382	31 	81.4265
354	150   	9974       	1e+06      	-26.4873	99501.4    	212.713	401	1  	82.0078
355	165   	6640.58    	1e+06      	-26.4873	81379.2    	208.257	427	31 	86.8393
356	182   	23308.5    	1e+06      	-26.4873	150964     	212.363	417	2  	87.2453
357	143   	13307.9    	1e+06      	-26.4873	114701     	210.887	498	29 	88.8268
358	151   	9973.83    	1e+06      	-26.4873	99501.4    	210.98 	498	42 	85.9695
359	183   	19974.4    	1e+06      	-26.4873	140004     	212.84 	501	26 	83.6377
360	158   	9974.61    	1e+06      	-26.4873	99501.3    	211.923	381	29 	81.2818
361	164   	9974.01    	1e+06      	-26.4873	99501.4    	210.887	381	30 	77.5305
362	173   	6641.08    	1e+06      	-26.4873	81379.1    	211.083	381	53 	77.0537
363	148   	6640.45    	1e+06      	-26.4873	81379.2    	212.83 	407	1  	81.0669
364	161   	6640.84    	1e+06      	-26.4873	81379.2    	204.027	409	30 	81.4825
365	163   	6641.13    	1e+06      	-26.4873	81379.1    	199.373	387	4  	81.3398
366	158   	9974.06    	1e+06      	-26.4873	99501.4    	193.42 	387	29 	79.0224
367	169   	6640.93    	1e+06      	-26.4873	81379.1    	194.307	436	54 	78.7065
368	153   	6640.47    	1e+06      	-26.4873	81379.2    	186.223	397	49 	74.8031
369	157   	9973.9     	1e+06      	-26.4873	99501.4    	188.167	397	13 	79.793 
370	185   	13307.4    	1e+06      	-26.4873	114701     	198.81 	397	29 	78.3763
371	157   	6640.5     	1e+06      	-26.4873	81379.2    	201.103	394	34 	80.3982
372	138   	8.32759e+16	2.49828e+19	-26.4873	1.43997e+18	211.64 	399	55 	84.4978
373	160   	6640.59    	1e+06      	-26.4873	81379.2    	208.34 	405	35 	85.1965
374	172   	6640.44    	1e+06      	-26.4873	81379.2    	204.87 	433	55 	82.6025
375	160   	3307.01    	1e+06      	-26.4873	57640.2    	204.21 	403	54 	81.8832
376	163   	6640.41    	1e+06      	-26.4873	81379.2    	199.653	398	33 	78.8167
377	161   	6640.73    	1e+06      	-26.4873	81379.2    	189.48 	398	3  	80.9549
378	144   	6641.95    	1e+06      	-26.4873	81379.1    	167.543	399	10 	82.5944
379	174   	9974.16    	1e+06      	-26.4873	99501.3    	131.75 	396	10 	68.9243
380	147   	6640.48    	1e+06      	-26.4873	81379.2    	108.057	305	45 	40.3365
381	159   	6640.45    	1e+06      	-26.4873	81379.2    	105.393	277	53 	28.8552
382	152   	9974.03    	1e+06      	-26.4873	99501.4    	103.843	204	16 	28.8348
383	164   	3307.18    	1e+06      	-26.4873	57640.2    	103.927	186	10 	28.6939
384	159   	16646.2    	1e+06      	-26.4873	128022     	105.6  	198	12 	31.1144
385	152   	19974.2    	1e+06      	-26.4873	140004     	106.763	198	8  	29.8814
386	161   	9974.78    	1e+06      	-26.4873	99501.3    	107.967	212	14 	32.7583
387	169   	6640.54    	1e+06      	-26.4873	81379.2    	106.497	226	22 	32.0595
388	172   	19975.3    	1e+06      	-26.4873	140004     	106.59 	212	10 	31.798 
389	152   	6641.63    	1e+06      	-26.4873	81379.1    	102.28 	212	11 	28.2613
390	160   	13307.4    	1e+06      	-26.4873	114701     	98.2733	212	13 	24.3605
391	156   	6640.59    	1e+06      	-26.4873	81379.2    	95.0133	182	12 	21.1236
392	171   	6642.3     	1e+06      	-26.4873	81379      	92.5767	182	34 	19.4068
393	166   	2.21414e+16	6.64242e+18	-26.4873	3.82861e+17	90.4367	150	39 	16.1792
394	164   	6644.73    	1e+06      	-26.4873	81378.9    	89.31  	160	3  	21.4526
395	176   	23308.4    	1e+06      	-26.4873	150964     	89.9667	180	3  	22.3608
396	154   	6640.57    	1e+06      	-26.4873	81379.2    	91.8333	180	1  	22.9411
397	175   	9975.85    	1e+06      	-26.4873	99501.2    	93.0967	185	3  	24.959 
398	193   	6640.48    	1e+06      	-26.4873	81379.2    	94.0833	185	15 	23.919 
399	164   	6641.19    	1e+06      	-26.4873	81379.1    	95.1833	178	3  	25.5912
400	166   	6640.52    	1e+06      	-26.4873	81379.2    	100.933	181	30 	24.8974
401	161   	6640.56    	1e+06      	-26.4873	81379.2    	104.817	192	10 	26.4626
402	162   	9974.06    	1e+06      	-26.4873	99501.4    	105.253	174	15 	25.1746
403	150   	6640.4     	1e+06      	-26.4873	81379.2    	104.637	174	41 	24.3851
404	164   	9974.04    	1e+06      	-26.4873	99501.4    	98.6267	212	15 	24.3824
405	168   	3307.2     	1e+06      	-26.4873	57640.2    	92.8   	171	2  	19.4168
406	161   	6640.68    	1e+06      	-26.4873	81379.2    	90.0467	171	16 	16.0918
407	157   	19974.2    	1e+06      	-26.4873	140004     	86.6367	128	1  	15.0405
408	191   	13307.6    	1e+06      	-26.4873	114701     	84.48  	121	1  	17.4271
409	172   	-26.2402   	-1.62003   	-26.4873	1.91225    	84.94  	124	12 	15.7227
410	169   	16640.9    	1e+06      	-26.4873	128022     	84.8067	181	1  	18.571 
411	142   	2.35209e+16	7.05627e+18	-26.4873	4.06714e+17	84.6867	138	12 	16.748 
412	152   	6642.54    	1e+06      	-26.4873	81379      	83.7767	134	10 	16.9399
413	183   	2.56932e+16	7.70796e+18	-26.4873	4.44277e+17	83.58  	134	10 	19.0299
414	152   	13307.8    	1e+06      	-26.4873	114701     	83.33  	126	10 	16.6004
415	180   	6.82053e+15	2.04616e+18	-26.4873	1.17938e+17	83.2267	139	3  	20.4041
416	162   	9976.74    	1e+06      	-26.4873	99501.1    	85.8267	139	4  	18.2199
417	172   	16641.6    	1e+06      	-26.4873	128022     	86.1467	138	2  	18.7049
418	164   	6641.4     	1e+06      	-26.4873	81379.1    	85.7533	125	1  	18.1468
419	178   	9974.79    	1e+06      	-26.4873	99501.3    	86.1367	128	10 	18.3544
420	149   	16642.1    	1e+06      	-26.4873	128022     	86.91  	136	12 	18.6258
421	151   	13308.6    	1e+06      	-26.4873	114701     	87.3667	136	15 	17.0483
422	175   	6.82053e+15	2.04616e+18	-26.4873	1.17938e+17	85.8967	142	14 	17.1982
423	166   	9.66529e+15	2.89959e+18	-26.4873	1.67128e+17	86.4067	136	1  	17.3321
424	145   	3307.16    	1e+06      	-26.4873	57640.2    	85.0767	159	4  	17.5166
425	185   	23307.6    	1e+06      	-26.4873	150964     	85.15  	149	3  	18.9911
426	158   	8.33102e+16	2.49931e+19	-26.4873	1.44057e+18	86.7233	135	36 	16.9427
427	189   	16641      	1e+06      	-26.4873	128022     	85.0667	134	4  	19.0989
428	151   	3307.03    	1e+06      	-26.4873	57640.2    	84.94  	137	12 	17.3769
429	160   	19974.7    	1e+06      	-26.4873	140004     	83.1   	127	1  	18.4912
430	146   	9974.03    	1e+06      	-26.4873	99501.4    	83.3867	149	27 	18.9088
431	142   	9974.9     	1e+06      	-26.4873	99501.3    	84.0267	129	10 	19.6913
432	174   	36641.5    	1e+06      	-26.4873	187947     	85.61  	146	41 	18.5297
433	135   	13307.4    	1e+06      	-26.4873	114701     	85.6933	146	6  	21.3716
434	153   	3307.21    	1e+06      	-26.4873	57640.2    	84.72  	146	11 	19.6522
435	167   	9974.15    	1e+06      	-26.4873	99501.3    	87.4467	150	8  	22.5522
436	154   	9977.16    	1e+06      	-26.4873	99501.1    	88.07  	175	36 	21.8313
437	174   	13307.8    	1e+06      	-26.4873	114701     	87.0567	181	13 	24.5529
438	148   	13307.3    	1e+06      	-26.4873	114701     	86.5067	183	10 	23.9816
439	167   	2.48717e+16	4.61366e+18	-26.4873	3.12039e+17	88.7333	183	8  	26.7805
440	151   	3307.2     	1e+06      	-26.4873	57640.2    	90.09  	183	10 	28.5263
441	166   	26641      	1e+06      	-26.4873	161112     	91.74  	241	13 	30.6585
442	183   	3307.35    	1e+06      	-26.4873	57640.2    	94.8333	201	10 	31.4334
443	173   	8.33102e+16	2.49931e+19	-26.4873	1.44057e+18	95.79  	201	4  	30.6088
444	153   	3307.13    	1e+06      	-26.4873	57640.2    	98.1933	200	44 	28.9907
445	161   	19974.2    	1e+06      	-26.4873	140004     	99.3233	185	10 	31.6281
446	175   	23307.8    	1e+06      	-26.4873	150964     	99.5333	185	12 	30.4759
447	168   	8.33102e+16	2.49931e+19	-26.4873	1.44057e+18	102.36 	185	3  	32.4919
448	164   	3309.84    	1e+06      	-26.4873	57640.1    	101.527	201	30 	33.3803
449	168   	16640.8    	1e+06      	-26.4873	128022     	99.33  	195	19 	33.925 
450	166   	16643.7    	1e+06      	-26.4873	128022     	99.4233	242	17 	35.6224
451	159   	23307.8    	1e+06      	-26.4873	150964     	101.107	211	7  	34.6849
452	159   	19974.4    	1e+06      	-26.4873	140004     	101.813	232	7  	36.6427
453	175   	26641.2    	1e+06      	-26.4873	161111     	105.347	232	3  	35.9594
454	149   	3307.14    	1e+06      	-26.4873	57640.2    	108.6  	232	48 	35.8609
455	176   	13308.1    	1e+06      	-26.4873	114701     	108.607	220	20 	35.4523
456	169   	23307.7    	1e+06      	-26.4873	150964     	113.327	214	15 	37.3799
457	150   	6640.92    	1e+06      	-26.4873	81379.1    	114.53 	211	19 	38.2463
458	166   	6641.2     	1e+06      	-26.4873	81379.1    	115.92 	211	9  	38.4538
459	174   	19974.9    	1e+06      	-26.4873	140004     	114.633	211	10 	39.5224
460	165   	9973.94    	1e+06      	-26.4873	99501.4    	120.397	250	12 	42.491 
461	159   	-25.8749   	141.399    	-26.4873	9.68533    	119.45 	250	1  	40.9203
462	170   	9974.13    	1e+06      	-26.4873	99501.3    	120.543	250	26 	40.9278
463	179   	13307.8    	1e+06      	-26.4873	114701     	120.783	226	10 	42.0054
464	168   	2.21414e+16	6.64242e+18	-26.4873	3.82861e+17	126.863	217	10 	40.8519
465	160   	13307.6    	1e+06      	-26.4873	114701     	125.393	250	1  	40.5115
466	139   	13308      	1e+06      	-26.4873	114701     	124.727	279	12 	40.1187
467	183   	6640.42    	1e+06      	-26.4873	81379.2    	130.267	247	40 	44.2563
468	168   	9974.35    	1e+06      	-26.4873	99501.3    	128.317	258	18 	44.9451
469	156   	9973.96    	1e+06      	-26.4873	99501.4    	128.6  	274	5  	46.0643
470	168   	16643.5    	1e+06      	-26.4873	128022     	128.877	274	9  	47.6486
471	163   	3307.82    	1e+06      	-26.4873	57640.2    	133.093	276	26 	48.476 
472	161   	3307.31    	1e+06      	-26.4873	57640.2    	132.603	274	13 	46.7738
473	182   	1.53789e+16	4.61366e+18	-26.4873	2.65925e+17	134.163	277	16 	50.902 
474	145   	6643.04    	1e+06      	-26.4873	81379      	133.273	274	12 	51.3583
475	176   	9985.88    	1e+06      	-26.4873	99500.4    	132.817	296	44 	51.4236
476	179   	13307.4    	1e+06      	-26.4873	114701     	130.203	270	9  	47.0248
477	167   	-26.3001   	-9.09029   	-26.4873	1.46152    	134.223	312	38 	46.8592
478	178   	9973.95    	1e+06      	-26.4873	99501.4    	132.407	278	14 	40.7676
479	172   	6640.63    	1e+06      	-26.4873	81379.2    	130.597	280	12 	40.6747
480	178   	13307.8    	1e+06      	-26.4873	114701     	129.46 	317	2  	41.6776
481	185   	9975.69    	1e+06      	-26.4873	99501.2    	125.083	317	4  	44.5917
482	162   	9974.05    	1e+06      	-26.4873	99501.4    	127.123	257	13 	42.2126
483	166   	6641.38    	1e+06      	-26.4873	81379.1    	124.273	252	23 	41.8629
484	151   	9974.08    	1e+06      	-26.4873	99501.3    	127.653	252	11 	44.0274
485	195   	6640.68    	1e+06      	-26.4873	81379.2    	126.127	243	15 	41.6783
486	171   	-25.312    	266.613    	-26.4873	16.9438    	129.767	243	34 	41.6436
487	153   	6640.79    	1e+06      	-26.4873	81379.2    	130.807	245	1  	44.1229
488	174   	3307.07    	1e+06      	-26.4873	57640.2    	133.663	252	25 	42.983 
489	183   	-25.2479   	266.613    	-26.4873	17.0038    	131.53 	244	40 	43.6761
490	166   	-26.1187   	7.55036    	-26.4873	2.63179    	134.23 	248	23 	44.2331
491	143   	9974.32    	1e+06      	-26.4873	99501.3    	136.607	253	1  	45.7295
492	172   	6640.88    	1e+06      	-26.4873	81379.1    	134.227	253	30 	44.9805
493	168   	9974.02    	1e+06      	-26.4873	99501.4    	134.067	253	6  	48.8598
494	171   	16640.9    	1e+06      	-26.4873	128022     	136.44 	248	15 	46.634 
495	180   	6640.95    	1e+06      	-26.4873	81379.1    	137.047	304	16 	47.8976
496	161   	6640.54    	1e+06      	-26.4873	81379.2    	140.633	328	1  	50.0794
497	176   	19974.1    	1e+06      	-26.4873	140004     	139.283	328	12 	50.075 
498	165   	9975.23    	1e+06      	-26.4873	99501.2    	144.107	328	44 	51.8679
499	174   	6640.44    	1e+06      	-26.4873	81379.2    	144.42 	340	44 	56.5809
500	185   	9988.52    	1e+06      	-26.4873	99500.2    	146.2  	345	10 	56.8311
--------------------------------------------------------------------------------

Best individual:
Required sequence: 1, 2, 3, 4, 5, 6, 7, 8, 9, 10, 11, 12, 13, 14, 15, 16, 17, 18, 19, 20, 21, 22, 23, 24, 25, 26, 27, 28, 29, 30, 31, 32, 33, 34, 35, 36, 37, 38, 39, 40, 41, 42, 43, 44, 45, 46, 47, 48, 49, 50, 51, 52, 53, 54, 55, 56, 57, 58, 59, 60, 61, 62, 63, 64, 65, 66, 67, 68, 69, 70, 71, 72, 73, 74, 75, 76, 77
Actual sequence:   0.36787128570050026, 0.7357425714010005, 1.1036138571015008, 1.471485142802001, 1.8393564285025015, 2.2072277142030017, 2.575098999903502, 2.942970285604002, 3.3108415713045027, 3.678712857005003, 4.046584142705503, 4.414455428406003, 4.782326714106504, 5.150197999807004, 5.5180692855075035, 5.885940571208004, 6.253811856908505, 6.6216831426090055, 6.989554428309505, 7.357425714010006, 7.725296999710505, 8.093168285411005, 8.461039571111506, 8.828910856812007, 9.196782142512507, 9.564653428213008, 9.932524713913507, 10.300395999614008, 10.668267285314508, 11.036138571015007, 11.404009856715508, 11.771881142416008, 12.139752428116507, 12.50762371381701, 12.875494999517509, 13.243366285218011, 13.61123757091851, 13.97910885661901, 14.34698014231951, 14.714851428020012, 15.08272271372051, 15.45059399942101, 15.818465285121512, 16.18633657082201, 16.554207856522513, 16.922079142223012, 17.289950427923515, 17.657821713624013, 18.025692999324512, 18.393564285025015, 18.761435570725514, 19.129306856426016, 19.497178142126515, 19.865049427827014, 20.232920713527516, 20.600791999228015, 20.968663284928514, 21.336534570629016, 21.704405856329515, 22.072277142030014, 22.440148427730517, 22.808019713431015, 23.175890999131514, 23.543762284832017, 23.91163357053252, 24.279504856233014, 24.647376141933517, 25.01524742763402, 25.38311871333452, 25.750989999035017, 26.11886128473552, 26.486732570436022, 26.854603856136517, 27.22247514183702, 27.59034642753752, 27.95821771323802, 28.32608899893852


Best algorithm: if_then_else(lt(-1, pdiv(pi, -1)), pdiv(1, 1), pdiv(add(if_then_else(lt(-1, pdiv(pi, -1)), if_then_else(eq(pi, if_then_else(eq(pi, sub(n, pi)), -1, sin(sin(pi)))), abs(pdiv(n, add(sub(cos(pi), add(-1, 0)), add(sin(pdiv(pdiv(add(pi, pi), sin(mul(pi, sin(pi)))), pi)), pi)))), n), n), pdiv(n, add(sub(sin(sub(add(-1, pi), abs(pi))), add(-1, pdiv(pdiv(pdiv(1, add(sub(pi, 1), pi)), abs(pi)), pi))), add(pi, pi)))), pi))

Failed!