   	      	                          fitness                          	              size             
   	      	-----------------------------------------------------------	-------------------------------
gen	nevals	avg         	max         	min      	std        	avg    	max	min	std    
0  	300   	9.64934e+73 	1.4474e+76  	2.875    	1.17785e+75	3.25667	7  	2  	1.31052
1  	164   	1.10214e+15 	3.30641e+17 	2.875    	1.90577e+16	3.30667	10 	1  	1.3364 
2  	171   	1.41784e+35 	4.25353e+37 	2.875    	2.45168e+36	3.38   	10 	1  	1.38646
3  	169   	4.82467e+73 	1.4474e+76  	2.625    	8.34263e+74	3.39333	9  	1  	1.38514
4  	169   	4.29341e+176	1.28802e+179	2.625    	inf        	3.61   	11 	1  	1.40875
5  	147   	1.37498e+06 	2.06239e+08 	2.14726  	1.67831e+07	3.73333	10 	1  	1.36951
6  	175   	1.10148e+15 	3.30444e+17 	2.14726  	1.90464e+16	3.84   	8  	1  	1.34947
7  	174   	1.37524e+06 	2.0633e+08  	2.14726  	1.67868e+07	3.82333	8  	1  	1.28015
8  	192   	81.9043     	9879.38     	2.625    	769.083    	3.94   	11 	1  	1.37468
9  	158   	696.78      	205104      	2.625    	11821.2    	4.31   	11 	1  	1.43082
10 	136   	11.2579     	110.125     	2.59671  	17.5814    	4.6    	10 	1  	1.21106
11 	186   	1.10148e+15 	3.30444e+17 	2.02584  	1.90464e+16	4.82667	9  	1  	1.15324
12 	165   	1.41784e+35 	4.25353e+37 	2.02584  	2.45168e+36	5.03667	10 	1  	1.23639
13 	170   	97.98       	11530.6     	2.02584  	911.275    	5.14333	12 	1  	1.34764
14 	180   	50.7135     	9062.12     	2.02584  	523.239    	5.04   	10 	1  	1.20488
15 	162   	2.54966e+06 	2.06341e+08 	2.02584  	2.21384e+07	5.21333	11 	1  	1.35935
16 	180   	1.37506e+06 	2.06262e+08 	2.02584  	1.67841e+07	5.29667	10 	1  	1.31225
17 	181   	688614      	2.06568e+08 	1.85903  	1.19063e+07	5.49   	12 	1  	1.4617 
18 	159   	1.00249e+47 	3.00747e+49 	1.85903  	1.73347e+48	5.62   	11 	1  	1.43838
19 	142   	5.66757e+30 	1.70027e+33 	1.85903  	9.80015e+31	6.08333	12 	1  	1.6441 
20 	181   	6.69439e+11 	2.00831e+14 	1.85903  	1.15757e+13	6.33667	12 	3  	1.52861
21 	163   	7.36186e+68 	2.20856e+71 	1.85903  	1.27299e+70	6.38   	13 	2  	1.55207
22 	187   	5.71241e+11 	1.71372e+14 	1.85903  	9.87767e+12	6.39333	13 	1  	1.59331
23 	181   	1.37615e+06 	2.0642e+08  	1.85903  	1.67979e+07	6.55667	13 	1  	1.71468
24 	145   	2840.44     	847958      	1.85903  	48874.4    	6.94333	15 	1  	1.81111
25 	165   	14.2103     	240.375     	1.76052  	28.9302    	7.43333	15 	1  	1.97287
26 	182   	5.41893e+06 	1.62566e+09 	1.76052  	9.37007e+07	7.74667	16 	1  	2.16391
27 	172   	688149      	2.0642e+08  	1.62464  	1.18978e+07	7.92333	20 	2  	2.42022
28 	160   	24.1505     	3483.25     	1.62464  	201.316    	8.00333	20 	2  	2.19165
29 	151   	4.82467e+73 	1.4474e+76  	1.62464  	8.34263e+74	8.42   	21 	1  	2.71482
30 	179   	1.37574e+06 	2.06387e+08 	1.51341  	1.67928e+07	9.06667	21 	3  	3.10412
31 	153   	18.0788     	1017.97     	1.51341  	64.6012    	9.6    	22 	1  	3.48903
32 	165   	9.64934e+73 	1.4474e+76  	0.797845 	1.17785e+75	10.5533	22 	1  	3.76127
33 	159   	687515      	2.06239e+08 	0.797845 	1.18874e+07	12.5733	28 	1  	4.41112
34 	154   	99.1867     	9798.55     	0.797845 	809.44     	14.2   	29 	3  	4.37188
35 	162   	687837      	2.06331e+08 	0.797845 	1.18927e+07	15.2533	31 	4  	4.39498
36 	165   	19.5121     	1017.97     	0.797845 	95.958     	15.2467	30 	3  	4.33887
37 	161   	1.00249e+47 	3.00747e+49 	0.797845 	1.73347e+48	15.66  	28 	2  	4.14541
38 	143   	3.84596e+71 	1.15379e+74 	0.797845 	6.65029e+72	16.1167	34 	3  	4.68648
39 	157   	7.36186e+68 	2.20856e+71 	0.797845 	1.27299e+70	16.9367	32 	4  	4.51656
40 	150   	9.64934e+73 	1.4474e+76  	0.794255 	1.17785e+75	16.7833	30 	1  	4.63354
41 	171   	58.8516     	12296.5     	0.673043 	713.681    	16.8867	38 	1  	5.36164
42 	181   	4.82467e+73 	1.4474e+76  	0.660748 	8.34263e+74	17.7467	36 	2  	5.78295
43 	153   	4.86313e+73 	1.4474e+76  	0.482294 	8.34268e+74	18.4   	35 	1  	5.4827 
44 	175   	9.72626e+73 	1.4474e+76  	0.444432 	1.17783e+75	18.32  	38 	1  	5.90234
45 	171   	4.90159e+73 	1.4474e+76  	0.444432 	8.34272e+74	18.56  	39 	5  	6.61007
46 	172   	9.64934e+73 	1.4474e+76  	0.43488  	1.17785e+75	19.7967	49 	3  	7.17463
47 	153   	3.84596e+71 	1.15379e+74 	0.335984 	6.65029e+72	20.7833	48 	4  	7.56503
48 	158   	4.82467e+73 	1.4474e+76  	0.401547 	8.34263e+74	22.1333	51 	1  	7.2885 
49 	149   	4.86313e+73 	1.4474e+76  	0.401547 	8.34268e+74	23.2733	40 	1  	6.31654
50 	188   	3.84596e+71 	1.15379e+74 	0.444432 	6.65029e+72	24.2833	48 	4  	7.16773
51 	178   	1.92298e+72 	1.15379e+74 	0.232574 	1.47707e+73	25.2367	50 	3  	7.01099
52 	178   	6.70846e+174	2.01254e+177	0.350899 	inf        	25.5033	56 	1  	6.46555
53 	171   	240.108     	14487.1     	0.302039 	1770.3     	25.71  	51 	1  	6.77883
54 	152   	1.15379e+72 	1.15379e+74 	0.302039 	1.14801e+73	26.21  	50 	3  	6.28219
55 	162   	6.3246e+73  	1.4474e+76  	0.306985 	8.67159e+74	26.1867	60 	3  	7.12637
56 	164   	7.69193e+71 	1.15379e+74 	0.302039 	9.38919e+72	26.39  	51 	3  	6.60842
57 	158   	7.69193e+71 	1.15379e+74 	0.302039 	9.38919e+72	26.65  	51 	3  	7.73741
58 	162   	1.53839e+72 	1.15379e+74 	0.302039 	1.32337e+73	27.87  	56 	6  	8.00124
59 	174   	3.84596e+71 	1.15379e+74 	0.302039 	6.65029e+72	28.68  	56 	2  	8.38476
60 	160   	3.84596e+71 	1.15379e+74 	0.302039 	6.65029e+72	30.2867	66 	3  	9.90713
61 	147   	687902      	2.06342e+08 	0.302039 	1.18933e+07	32.64  	69 	1  	11.3427
62 	180   	3.84596e+71 	1.15379e+74 	0.302039 	6.65029e+72	34.3967	75 	1  	12.8145
63 	162   	7.69193e+71 	1.15379e+74 	0.302039 	9.38919e+72	34.97  	62 	4  	11.5306
64 	177   	1.15379e+72 	1.15379e+74 	0.302039 	1.14801e+73	36.91  	73 	1  	12.0555
65 	168   	1.15379e+72 	1.15379e+74 	0.302039 	1.14801e+73	37.0833	73 	2  	12.8925
66 	181   	3.84596e+71 	1.15379e+74 	0.302039 	6.65029e+72	36.5133	86 	2  	12.5919
67 	170   	1.15453e+72 	1.15379e+74 	0.302039 	1.148e+73  	36.2667	89 	2  	12.5839
68 	179   	7.69193e+71 	1.15379e+74 	0.302039 	9.38919e+72	35.3633	75 	4  	11.3973
69 	173   	7.69193e+71 	1.15379e+74 	0.275899 	9.38919e+72	34.2233	71 	4  	10.3293
70 	161   	3.84596e+71 	1.15379e+74 	0.302039 	6.65029e+72	32.9467	74 	2  	10.8248
71 	177   	3.84596e+71 	1.15379e+74 	0.22266  	6.65029e+72	31.8167	72 	7  	8.93848
72 	167   	143.969     	13546.8     	0.22266  	1281.7     	31.5667	72 	2  	8.80032
73 	175   	7.69193e+71 	1.15379e+74 	0.302039 	9.38919e+72	30.3733	69 	4  	8.77196
74 	178   	1.15379e+72 	1.15379e+74 	0.302039 	1.14801e+73	30.7467	69 	15 	9.00643
75 	176   	7.69193e+71 	1.15379e+74 	0.302039 	9.38919e+72	30.7067	69 	6  	8.73082
76 	164   	7.69193e+71 	1.15379e+74 	0.302039 	9.38919e+72	30.3367	69 	3  	8.93215
77 	170   	7.69193e+71 	1.15379e+74 	0.302039 	9.38919e+72	30.0067	76 	4  	8.78066
78 	185   	7.69193e+71 	1.15379e+74 	0.302039 	9.38919e+72	29.6333	73 	2  	8.60187
79 	140   	3.84596e+71 	1.15379e+74 	0.302039 	6.65029e+72	29.2267	67 	4  	7.06366
80 	168   	7.69193e+71 	1.15379e+74 	0.302039 	9.38919e+72	29.5333	69 	4  	8.4964 
81 	164   	7.69193e+71 	1.15379e+74 	0.302039 	9.38919e+72	29.8933	67 	12 	8.4136 
82 	165   	94.1649     	13459.7     	0.302039 	1094.93    	30.33  	78 	3  	9.05397
83 	172   	7.69193e+71 	1.15379e+74 	0.268777 	9.38919e+72	30.6867	78 	15 	9.88004
84 	161   	98.9854     	14524.1     	0.268777 	1142.6     	31.83  	78 	1  	11.5589
85 	175   	6.2087      	526.661     	0.268777 	32.7927    	34.57  	78 	15 	14.7358
86 	198   	7.69193e+71 	1.15379e+74 	0.226923 	9.38919e+72	38.52  	85 	4  	18.4838
87 	169   	6.70846e+174	2.01254e+177	0.226923 	inf        	40.5567	87 	5  	19.4256
88 	164   	10810.9     	3.22741e+06 	0.226923 	186023     	43.54  	85 	5  	20.2868
89 	157   	4.69641e+71 	1.15379e+74 	0.226923 	6.80614e+72	47.1333	88 	5  	20.5947
90 	145   	3.84596e+71 	1.15379e+74 	0.226923 	6.65029e+72	48.8033	103	2  	21.2086
91 	154   	52.0761     	14494.7     	0.226923 	835.383    	52.1833	90 	15 	20.6755
92 	158   	99.8285     	13483.7     	0.226923 	1098.08    	51.8533	107	1  	21.4197
93 	146   	3.84596e+71 	1.15379e+74 	0.226923 	6.65029e+72	50.82  	103	3  	20.2445
94 	171   	85.8468     	14540.8     	0.226923 	1019.56    	46.98  	96 	13 	20.0138
95 	169   	1.15379e+72 	1.15379e+74 	0.226923 	1.14801e+73	42.03  	103	1  	19.2855
96 	147   	20.5242     	5288.92     	0.212579 	304.885    	39.5367	93 	13 	19.1047
97 	185   	1.15379e+72 	1.15379e+74 	0.212579 	1.14801e+73	34.4667	86 	11 	16.4123
98 	167   	4.90159e+73 	1.4474e+76  	0.212579 	8.34272e+74	31.9333	90 	1  	14.889 
99 	159   	7.69193e+71 	1.15379e+74 	0.212579 	9.38919e+72	29.72  	88 	1  	12.5162
100	173   	3.84596e+71 	1.15379e+74 	0.192932 	6.65029e+72	28.0433	77 	12 	9.04294
101	162   	3.84596e+71 	1.15379e+74 	0.212579 	6.65029e+72	27.9467	63 	3  	8.36444
102	163   	1.53839e+72 	1.15379e+74 	0.16903  	1.32337e+73	27.99  	60 	11 	8.14964
103	159   	4.98398e+11 	1.49519e+14 	0.16903  	8.61811e+12	27.3933	52 	3  	8.36492
104	149   	7.69193e+71 	1.15379e+74 	0.16903  	9.38919e+72	27.9733	53 	1  	8.3142 
105	167   	7.69193e+71 	1.15379e+74 	0.16903  	9.38919e+72	29.7833	54 	11 	9.11316
106	161   	7.69193e+71 	1.15379e+74 	0.16903  	9.38919e+72	31.48  	58 	4  	9.50384
107	178   	3.84596e+71 	1.15379e+74 	0.159451 	6.65029e+72	32.4767	59 	3  	9.75514
108	163   	3.84596e+71 	1.15379e+74 	0.159451 	6.65029e+72	33.7033	64 	1  	9.3852 
109	175   	1.76467e+10 	5.294e+12   	0.159451 	3.05139e+11	34.4367	63 	1  	9.89272
110	158   	1.15379e+72 	1.15379e+74 	0.130427 	1.14801e+73	34.4767	60 	10 	9.43095
111	160   	3.84596e+71 	1.15379e+74 	0.146537 	6.65029e+72	34.8033	77 	3  	9.61065
112	163   	143.382     	14540.8     	0.130427 	1378.12    	35.7267	63 	1  	9.63113
113	165   	49.9378     	13589.6     	0.130427 	783.187    	36.5333	59 	6  	9.17908
114	186   	7.69193e+71 	1.15379e+74 	0.130427 	9.38919e+72	36.0933	75 	14 	9.01432
115	157   	1.53839e+72 	1.15379e+74 	0.130427 	1.32337e+73	36.4667	73 	4  	9.76433
116	162   	3.84596e+71 	1.15379e+74 	0.130427 	6.65029e+72	37.1533	62 	1  	9.01941
117	157   	3.84596e+71 	1.15379e+74 	0.130427 	6.65029e+72	37.58  	62 	6  	8.40339
118	163   	1.41784e+35 	4.25353e+37 	0.130427 	2.45168e+36	37.7167	60 	11 	8.59708
119	164   	1.15379e+72 	1.15379e+74 	0.118199 	1.14801e+73	37.44  	64 	4  	8.27404
120	147   	3.84596e+71 	1.15379e+74 	0.118199 	6.65029e+72	37.3067	68 	16 	7.81276
121	167   	6.19679     	1039.39     	0.105005 	60.2942    	37.43  	67 	16 	8.32217
122	142   	9.0742e+36  	2.72226e+39 	0.105005 	1.56908e+38	37.89  	67 	1  	8.85275
123	182   	3.84596e+71 	1.15379e+74 	0.10224  	6.65029e+72	37.38  	67 	4  	9.54929
124	144   	8.74712e+36 	2.62414e+39 	0.0545882	1.51252e+38	40.2333	69 	1  	9.75768
125	178   	3.84596e+71 	1.15379e+74 	0.0545882	6.65029e+72	42.2733	74 	12 	10.2101
126	181   	9.0742e+36  	2.72226e+39 	0.0364684	1.56908e+38	44.04  	76 	15 	10.3466
127	163   	3.84596e+71 	1.15379e+74 	0.0364684	6.65029e+72	46.2733	81 	11 	10.8934
128	169   	94.2041     	14548.5     	0.0364684	1047.69    	48.58  	82 	3  	10.1277
129	158   	3.84596e+71 	1.15379e+74 	0.0364684	6.65029e+72	50.2567	81 	8  	10.8461
130	165   	39.4772     	10065.6     	0.0272711	583.082    	52.4767	83 	20 	11.668 
131	160   	3.84596e+71 	1.15379e+74 	0.0272711	6.65029e+72	54.1267	84 	3  	12.4744
132	155   	1.86314e+73 	5.58941e+75 	0.0255662	3.22167e+74	55.9833	100	24 	11.0195
133	159   	3.84596e+71 	1.15379e+74 	0.0255662	6.65029e+72	57     	106	2  	11.7771
134	168   	3.84596e+71 	1.15379e+74 	0.0205549	6.65029e+72	57.2467	86 	6  	9.90248
135	170   	7.69193e+71 	1.15379e+74 	0.0205549	9.38919e+72	57.6633	85 	1  	10.2627
136	167   	8.88891e+36 	2.62414e+39 	0.0205549	1.51264e+38	58.02  	93 	3  	10.2557
137	143   	9.03069e+36 	2.62414e+39 	0.0200353	1.51275e+38	59.07  	90 	3  	10.4495
138	162   	8.74712e+36 	2.62414e+39 	0.0200353	1.51252e+38	59.2733	103	29 	10.1806
139	182   	43.365      	12131.1     	0.0156513	699.172    	58.58  	97 	10 	11.7324
140	178   	8.74712e+36 	2.62414e+39 	0.0156513	1.51252e+38	58.7933	99 	27 	11.2655
141	161   	3.84596e+71 	1.15379e+74 	0.0156513	6.65029e+72	59.4667	91 	25 	9.57578
142	171   	50.3261     	13524.1     	0.0148106	781.72     	59.0133	86 	22 	10.1213
143	169   	84.3653     	14502.8     	0.0148106	982.502    	59.8333	96 	2  	11.6301
144	156   	3.84596e+71 	1.15379e+74 	0.0148106	6.65029e+72	62.32  	101	23 	9.99988
145	172   	50.2521     	14575.1     	0.0148106	840.022    	62.3067	101	28 	11.257 
146	190   	5.55584e+07 	1.66675e+10 	0.0156513	9.60693e+08	62.97  	102	1  	11.1572
147	165   	3.84596e+71 	1.15379e+74 	0.0156513	6.65029e+72	64.3467	98 	29 	9.46501
148	155   	687628      	2.06273e+08 	0.0156513	1.18893e+07	64.0567	97 	27 	9.90724
149	141   	7.69193e+71 	1.15379e+74 	0.0156513	9.38919e+72	63.88  	102	3  	10.7138
150	178   	3.84596e+71 	1.15379e+74 	0.0148106	6.65029e+72	63.9333	100	24 	9.09884
151	173   	51.3282     	13595.9     	0.0148106	784.733    	63.5567	99 	3  	11.6336
152	153   	3.84596e+71 	1.15379e+74 	0.0148106	6.65029e+72	63.72  	103	1  	11.2158
153	176   	93.109      	13599.6     	0.0148106	1100.21    	63.81  	103	3  	11.4877
154	149   	3.84596e+71 	1.15379e+74 	0.0148106	6.65029e+72	64.9   	98 	28 	8.66237
155	149   	3.84596e+71 	1.15379e+74 	0.0148106	6.65029e+72	65.09  	105	2  	9.41002
156	161   	7.69193e+71 	1.15379e+74 	0.0148106	9.38919e+72	64.76  	90 	2  	9.4387 
157	164   	7.69193e+71 	1.15379e+74 	0.0148106	9.38919e+72	64.2533	101	7  	10.907 
158	163   	688216      	2.0645e+08  	0.0148106	1.18995e+07	64.3967	103	12 	10.4527
159	164   	3.84596e+71 	1.15379e+74 	0.0148106	6.65029e+72	63.8867	101	24 	10.8074
160	170   	95.8809     	14509       	0.0148106	1138.12    	63.84  	92 	3  	11.0783
161	158   	7.69193e+71 	1.15379e+74 	0.0148106	9.38919e+72	64.7833	92 	11 	8.81531
162	157   	95.7268     	14599.8     	0.0148106	1145.43    	64.2967	105	1  	11.1359
163	164   	3.84596e+71 	1.15379e+74 	0.0148106	6.65029e+72	63.7033	92 	17 	10.4646
164	166   	7.69193e+71 	1.15379e+74 	0.0148106	9.38919e+72	65.18  	106	30 	9.1732 
165	155   	7.69193e+71 	1.15379e+74 	0.0148106	9.38919e+72	65.2233	101	25 	8.29338
166	184   	2.41901     	262.86      	0.0148106	17.221     	65.2333	105	31 	9.03506
167	158   	1.15379e+72 	1.15379e+74 	0.0148106	1.14801e+73	63.85  	99 	1  	10.7951
168	162   	3.84596e+71 	1.15379e+74 	0.0148106	6.65029e+72	64.5033	97 	2  	10.2942
169	160   	47.8395     	13533.8     	0.0148106	780.012    	64.5033	88 	28 	8.62148
170	162   	46.8518     	13599.6     	0.0139504	783.812    	65.08  	94 	28 	9.34346
171	178   	2.22258e+29 	6.66773e+31 	0.0139504	3.8432e+30 	64.6067	92 	28 	9.64462
172	182   	1.15379e+72 	1.15379e+74 	0.0139504	1.14801e+73	64.0433	103	21 	11.4526
173	160   	1.92298e+72 	1.15379e+74 	0.0139504	1.47707e+73	64.1333	94 	3  	10.5091
174	149   	49.4555     	14599.8     	0.0139504	841.472    	64.7433	105	28 	9.96983
175	185   	3.84596e+71 	1.15379e+74 	0.0139504	6.65029e+72	64.2767	91 	28 	9.12835
176	167   	1.15379e+72 	1.15379e+74 	0.0139504	1.14801e+73	64.4567	90 	25 	8.93503
177	143   	3.84596e+71 	1.15379e+74 	0.0139504	6.65029e+72	64.9833	103	27 	10.0997
178	180   	3.84596e+71 	1.15379e+74 	0.0139504	6.65029e+72	64.1567	106	17 	11.3257
179	163   	3.84596e+71 	1.15379e+74 	0.0139504	6.65029e+72	64.8367	94 	29 	10.3246
180	154   	53.4941     	14576.6     	0.0139504	842.207    	64.8033	95 	21 	11.3266
181	177   	3.84596e+71 	1.15379e+74 	0.0139504	6.65029e+72	65.3267	94 	31 	10.2765
182	186   	3.84596e+71 	1.15379e+74 	0.0139504	6.65029e+72	64.5033	95 	1  	12.5245
183	155   	2970.8      	867362      	0.0139504	49998.2    	65.9433	108	28 	10.2768
184	146   	5830.69     	875292      	0.0139504	71151.9    	66.3167	97 	2  	9.56015
185	162   	8854.13     	875370      	0.0139504	86744      	66.1367	105	28 	9.97888
186	166   	2.07706     	121.477     	0.0139504	12.2151    	67.0733	107	30 	10.7905
187	148   	3.84596e+71 	1.15379e+74 	0.0139504	6.65029e+72	65.65  	107	4  	11.0406
188	175   	7.69193e+71 	1.15379e+74 	0.0139504	9.38919e+72	67.0933	101	2  	9.60926
189	154   	5811.31     	875765      	0.0139504	70906.5    	66.3967	98 	1  	10.4896
190	164   	7.69193e+71 	1.15379e+74 	0.0139504	9.38919e+72	66.4433	95 	18 	10.391 
191	167   	7.69193e+71 	1.15379e+74 	0.0139504	9.38919e+72	65.8567	96 	1  	11.2153
192	173   	1851.46     	513094      	0.0139504	29598.2    	66.1133	98 	2  	10.6038
193	162   	688654      	2.06596e+08 	0.0139504	1.19079e+07	65.2533	91 	28 	10.4088
194	151   	3.73741     	526.836     	0.0139504	31.408     	66.7367	98 	1  	8.69103
195	177   	2965.17     	875292      	0.0139504	50453.9    	66.59  	105	1  	11.1565
196	162   	2.53707     	148.625     	0.0139504	12.2356    	65.0167	109	3  	12.3743
197	173   	3.84596e+71 	1.15379e+74 	0.0139504	6.65029e+72	65.85  	107	1  	11.4149
198	164   	3.84596e+71 	1.15379e+74 	0.0139504	6.65029e+72	65.62  	106	2  	12.2148
199	169   	3.84596e+71 	1.15379e+74 	0.0139504	6.65029e+72	65.4833	104	28 	11.1144
200	146   	7.69193e+71 	1.15379e+74 	0.0139504	9.38919e+72	66.0567	105	2  	10.8437
201	152   	3.84596e+71 	1.15379e+74 	0.0139504	6.65029e+72	66.4767	98 	12 	9.70444
202	154   	5865.02     	873408      	0.0139504	71072.2    	66.9933	98 	33 	8.92711
203	174   	2961.64     	873329      	0.0139504	50341.7    	65.85  	96 	17 	10.5487
204	161   	7.69193e+71 	1.15379e+74 	0.0139504	9.38919e+72	66.69  	99 	28 	9.42234
205	174   	7.69193e+71 	1.15379e+74 	0.0139504	9.38919e+72	65.1767	95 	28 	11.1985
206	166   	5825.13     	866882      	0.0139504	70493.3    	66.0067	102	28 	11.1424
207	157   	2.33057     	114.611     	0.0139504	10.9231    	66.7833	97 	28 	9.82461
208	152   	42.9673     	12293.7     	0.0139504	708.525    	66.19  	107	29 	9.67715
209	173   	3.84596e+71 	1.15379e+74 	0.0139504	6.65029e+72	65.7567	105	29 	10.0885
210	144   	1.11338     	77.7689     	0.0139504	6.88195    	66.4067	94 	1  	9.77043
211	152   	688518      	2.0654e+08  	0.0139504	1.19047e+07	66.89  	96 	20 	10.1675
212	161   	3.84596e+71 	1.15379e+74 	0.0139504	6.65029e+72	66.86  	97 	24 	9.27184
213	154   	7.69193e+71 	1.15379e+74 	0.0139504	9.38919e+72	66.84  	94 	1  	9.0742 
214	148   	7.69193e+71 	1.15379e+74 	0.0139504	9.38919e+72	67.14  	110	29 	8.20693
215	155   	3.84596e+71 	1.15379e+74 	0.0139504	6.65029e+72	66.83  	92 	9  	8.76743
216	160   	7.69193e+71 	1.15379e+74 	0.0139504	9.38919e+72	65.92  	107	1  	11.8538
217	157   	2912.51     	873340      	0.0139504	50338.1    	66.41  	91 	29 	8.7351 
218	165   	51.8301     	14576.6     	0.0139504	840.091    	66.68  	96 	27 	9.40165
219	177   	46.6069     	13533.6     	0.0139504	780.001    	65.6833	96 	1  	11.1796
220	177   	2892.83     	867468      	0.0139504	49999.7    	65.55  	104	1  	10.7077
221	166   	3.84596e+71 	1.15379e+74 	0.0139504	6.65029e+72	67.3267	95 	29 	8      
222	150   	3.84596e+71 	1.15379e+74 	0.0139504	6.65029e+72	66.88  	98 	28 	8.0564 
223	170   	3.84596e+71 	1.15379e+74 	0.0139504	6.65029e+72	66.0967	92 	1  	10.5237
224	166   	3.84596e+71 	1.15379e+74 	0.0139504	6.65029e+72	65.2433	112	1  	12.9423
225	181   	5784.6      	867402      	0.0139504	70586      	66.41  	98 	2  	10.5047
226	179   	5830.95     	875218      	0.0139504	71145.7    	66.2633	98 	28 	9.93482
227	181   	5903.15     	875218      	0.0139504	70878.1    	65.7667	98 	21 	9.95183
228	162   	95.7296     	14576.6     	0.0139504	1147.01    	66.5067	113	29 	9.93831
229	164   	7.69929e+71 	1.15379e+74 	0.0139504	9.38914e+72	65.8467	105	29 	10.7853
230	157   	7.69193e+71 	1.15379e+74 	0.0138578	9.38919e+72	67.52  	95 	32 	9.21826
231	162   	7.69193e+71 	1.15379e+74 	0.0138578	9.38919e+72	66.4867	100	17 	11.3571
232	162   	3.84596e+71 	1.15379e+74 	0.0138578	6.65029e+72	66.68  	100	21 	10.5914
233	172   	5826.7      	867447      	0.0138578	70564.6    	66.38  	96 	1  	10.3796
234	171   	3.84596e+71 	1.15379e+74 	0.0138578	6.65029e+72	67.5433	100	22 	10.123 
235	153   	7.69193e+71 	1.15379e+74 	0.0138578	9.38919e+72	66.56  	98 	2  	11.9262
236	158   	3.84596e+71 	1.15379e+74 	0.0132689	6.65029e+72	68.97  	102	6  	10.4895
237	148   	3.84596e+71 	1.15379e+74 	0.0132689	6.65029e+72	70.3733	95 	1  	10.9527
238	166   	3.84596e+71 	1.15379e+74 	0.0138578	6.65029e+72	71.9767	104	29 	11.5541
239	165   	1.15379e+72 	1.15379e+74 	0.0138578	1.14801e+73	74.17  	112	28 	10.987 
240	138   	3.84596e+71 	1.15379e+74 	0.0138578	6.65029e+72	75.1133	127	28 	9.39293
241	161   	7.69193e+71 	1.15379e+74 	0.0132689	9.38919e+72	74.08  	123	3  	12.8096
242	158   	3.84596e+71 	1.15379e+74 	0.0132689	6.65029e+72	73.8433	112	3  	12.049 
243	165   	3.84596e+71 	1.15379e+74 	0.0132689	6.65029e+72	73.9467	113	3  	12.9052
244	153   	2890.89     	865525      	0.0132689	49887.4    	74.07  	112	28 	11.5337
245	181   	2965.37     	875759      	0.0138485	50480.8    	75.1167	113	28 	11.2334
246	164   	0.885013    	40.9566     	0.0138485	4.33243    	75.09  	113	29 	12.0754
247	165   	46.5965     	13597.7     	0.0138485	783.703    	75.32  	110	28 	9.79443
248	156   	5746.1      	865601      	0.0138485	70098.5    	74.9067	114	28 	11.5585
249	163   	7.69193e+71 	1.15379e+74 	0.0132689	9.38919e+72	74.2333	116	10 	12.3336
250	157   	7.69193e+71 	1.15379e+74 	0.0132689	9.38919e+72	74.68  	113	31 	11.1345
251	161   	1.40127     	100.909     	0.0132689	8.71753    	73.84  	114	18 	12.4831
252	175   	3.84596e+71 	1.15379e+74 	0.0132689	6.65029e+72	73.9367	121	29 	10.4569
253	179   	2962.55     	873414      	0.0132689	50346.5    	71.3533	113	28 	14.1672
254	155   	2967.75     	875280      	0.0132689	50454.1    	72.7833	113	29 	10.4641
255	169   	7.69193e+71 	1.15379e+74 	0.0132689	9.38919e+72	71.1267	104	19 	11.8709
256	163   	2.5658      	124.818     	0.0132689	13.217     	71.2067	106	3  	11.7713
257	166   	3.84596e+71 	1.15379e+74 	0.0132689	6.65029e+72	73.2233	105	30 	8.7243 
258	151   	2961.36     	873391      	0.0132689	50345.2    	72.51  	106	19 	9.79132
259	168   	3.84596e+71 	1.15379e+74 	0.0132689	6.65029e+72	72.22  	97 	29 	9.4353 
260	161   	3.84596e+71 	1.15379e+74 	0.0132689	6.65029e+72	72.3933	106	30 	9.73338
261	162   	5878.73     	875210      	0.0132689	71145.7    	71.7833	117	2  	11.6752
262	173   	3.84596e+71 	1.15379e+74 	0.0132689	6.65029e+72	71.9033	108	6  	10.8846
263	173   	7.69193e+71 	1.15379e+74 	0.0132689	9.38919e+72	71.4233	119	1  	12.2903
264	151   	79.8812     	13530.7     	0.0132689	969.834    	71.8433	109	27 	10.4642
265	184   	7.69193e+71 	1.15379e+74 	0.0132689	9.38919e+72	72.0733	119	28 	11.1947
266	161   	3.84596e+71 	1.15379e+74 	0.0132689	6.65029e+72	71.7333	100	27 	10.2402
267	176   	3.48438     	267.625     	0.0132689	19.5832    	72.07  	112	3  	12.5891
268	177   	1.15379e+72 	1.15379e+74 	0.0132689	1.14801e+73	71.2967	119	28 	12.1101
269	134   	2.15075     	188.745     	0.0132689	14.1702    	72.0467	108	1  	11.3477
270	170   	687526      	2.06244e+08 	0.0132689	1.18876e+07	71.7067	109	23 	11.2247
271	159   	50.4358     	14572.6     	0.0132689	839.875    	71.22  	96 	18 	11.5625
272	171   	3.84596e+71 	1.15379e+74 	0.0132689	6.65029e+72	71.74  	108	28 	11.9988
273	174   	3.84596e+71 	1.15379e+74 	0.0132689	6.65029e+72	72     	113	3  	12.7669
274	155   	4.86313e+73 	1.4474e+76  	0.0132689	8.34268e+74	71.97  	119	29 	11.7735
275	161   	2858.99     	857181      	0.0132689	49406.7    	71.4667	111	1  	12.7395
276	167   	3.84596e+71 	1.15379e+74 	0.0132689	6.65029e+72	72.0133	115	3  	11.736 
277	178   	690785      	2.06355e+08 	0.0132689	1.18939e+07	72.9367	102	33 	9.2336 
278	172   	3.84596e+71 	1.15379e+74 	0.0132689	6.65029e+72	72.3033	107	3  	11.6366
279	172   	7.69193e+71 	1.15379e+74 	0.0132689	9.38919e+72	70.6933	110	2  	13.6196
280	188   	47.179      	13595.6     	0.0132689	783.587    	71.5567	110	4  	11.7581
281	155   	2.85752     	148.625     	0.0132689	14.2876    	71.4767	108	5  	11.7068
282	170   	3.84596e+71 	1.15379e+74 	0.0132689	6.65029e+72	72.21  	111	28 	11.4969
283	186   	3.84596e+71 	1.15379e+74 	0.0132689	6.65029e+72	72.19  	108	2  	12.5406
284	165   	3.84596e+71 	1.15379e+74 	0.0132689	6.65029e+72	72.2933	109	4  	11.2822
285	154   	7.69193e+71 	1.15379e+74 	0.0132689	9.38919e+72	72.1133	118	29 	10.9691
286	168   	69.7433     	10049.8     	0.0132689	817.691    	71.2833	106	3  	12.7385
287	171   	3.84596e+71 	1.15379e+74 	0.0132689	6.65029e+72	71.23  	105	20 	11.9112
288	186   	141.078     	14572.6     	0.0132689	1374.01    	71.4233	107	1  	12.5718
289	163   	3.84596e+71 	1.15379e+74 	0.0132689	6.65029e+72	70.8833	111	29 	12.3711
290	162   	47.4524     	13595.6     	0.0132689	783.56     	72.05  	119	25 	12.1502
291	166   	49.2295     	12290.1     	0.0132689	717.667    	71.9467	111	23 	11.5996
292	177   	3.84596e+71 	1.15379e+74 	0.0132689	6.65029e+72	71.9733	109	15 	11.0263
293	166   	3.84596e+71 	1.15379e+74 	0.0132689	6.65029e+72	71.9667	107	30 	9.80606
294	162   	2912.81     	873391      	0.0132689	50341.1    	72.3733	107	31 	10.3971
295	144   	3.84596e+71 	1.15379e+74 	0.0132689	6.65029e+72	73.03  	107	31 	9.8615 
296	163   	3.84596e+71 	1.15379e+74 	0.0132689	6.65029e+72	72.7067	110	28 	10.5663
297	135   	3.84596e+71 	1.15379e+74 	0.0132689	6.65029e+72	72.5467	119	31 	10.492 
298	146   	46.0492     	13287.8     	0.0132689	765.832    	73.3967	107	14 	9.81288
299	175   	7.69193e+71 	1.15379e+74 	0.012888 	9.38919e+72	72.8833	109	28 	9.82631
300	161   	3.84596e+71 	1.15379e+74 	0.012888 	6.65029e+72	72.99  	118	29 	10.925 
--------------------------------------------------------------------------------

Best individual:
Required sequence: 2, 3, 5, 7, 11, 13, 17, 19, 23, 29, 31, 37, 41, 43, 47, 53, 59, 61, 67, 71, 73, 79, 83, 89, 97, 101, 103, 107, 109, 113, 127, 131, 137, 139, 149, 151, 157, 163, 167, 173, 179, 181, 191, 193, 197, 199, 211, 223, 227, 229, 233, 239, 241, 251, 257, 263, 269, 271
Actual sequence:   2, 3, 5, 7, 11, 13, 17, 19, 21, 23, 26, 27, 29, 31, 33, 35, 37, 38, 40, 42, 44, 46, 48, 51, 53, 55, 57, 59, 62, 63, 65, 67, 69, 71, 73, 74, 75, 77, 79, 81, 83, 84, 87, 89, 91, 93, 95, 98, 100, 102, 104, 106, 108, 110, 111, 113, 115, 117


Best algorithm: add(cos(add(pdiv(add(add(pdiv(n, pi), pi), cos(add(n, cos(neg(add(cos(p2_pow_expo(p2_pow_expo(add(n, cos(n))))), mul(cos(p2_pow_expo(p2_pow_expo(add(n, cos(n))))), add(add(n, p2_pow_expo(add(add(-1, cos(n)), cos(n)))), cos(add(-1, cos(n))))))))))), pi), pi)), add(add(add(add(n, cos(add(pdiv(add(add(n, cos(pi)), cos(n)), pi), pi))), cos(p2_pow_expo(p2_pow_expo(add(n, cos(n)))))), 1), n))

Failed!