   	      	                      fitness                      	              size             
   	      	---------------------------------------------------	-------------------------------
gen	nevals	avg        	max        	min	std        	avg    	max	min	std    
0  	300   	5.50037e+06	1.62506e+09	1  	9.36628e+07	3.19667	7  	2  	1.24552
1  	144   	12529.6    	3.22032e+06	1  	187798     	3.14333	8  	1  	1.25809
2  	180   	68110.6    	3.22493e+06	1  	452324     	3.02333	11 	1  	1.34268
3  	169   	3.16678e+18	9.50035e+20	1  	5.47588e+19	3.14   	11 	1  	1.41435
4  	155   	32549.6    	3.23034e+06	1  	320740     	3.24333	8  	1  	1.23185
5  	164   	95.3435    	2308       	1  	372.99     	3.50333	8  	1  	1.21792
6  	170   	54198.9    	3.23034e+06	0  	412782     	3.75   	11 	1  	1.18638
7  	188   	10786      	3.23034e+06	0  	186192     	3.78   	10 	1  	1.22947
8  	165   	11152      	3.23888e+06	0  	186762     	3.86333	10 	1  	1.22936
9  	183   	21620      	3.25346e+06	0  	263818     	3.73667	11 	1  	1.23854
10 	173   	14.6861    	2363.5     	0  	136.711    	3.87   	13 	1  	1.43983
11 	152   	43783      	3.25049e+06	0  	371734     	4.15333	9  	1  	1.40588
12 	151   	1.78933e+06	5.36797e+08	0  	3.09403e+07	4.47667	10 	1  	1.53714
13 	188   	9.18546    	117.113    	0  	16.8382    	5.09   	13 	1  	1.78192
14 	156   	7.45291    	145.135    	0  	15.6045    	5.43667	13 	1  	1.80536
15 	175   	10775.2    	3.23034e+06	0  	186193     	5.59333	11 	1  	1.67171
16 	179   	7.43273    	183.996    	0  	19.527     	5.63333	11 	1  	1.54236
17 	154   	5.43841e+06	1.62506e+09	0  	9.36654e+07	5.63667	11 	1  	1.5952 
18 	141   	1.80003e+06	5.36755e+08	0  	3.09378e+07	5.53333	11 	1  	1.38644
19 	174   	17.1431    	2421       	0  	142.323    	5.62667	10 	2  	1.38587
20 	170   	16.9676    	2363.5     	0  	137.033    	5.72   	12 	1  	1.64568
21 	156   	1729.21    	513378     	0  	29589.8    	5.61333	14 	2  	1.62803
22 	148   	1.82401e+23	5.47204e+25	0  	3.15401e+24	5.61   	12 	1  	1.3606 
23 	160   	23798.1    	3.24584e+06	0  	266490     	5.59667	12 	1  	1.57077
24 	161   	1.82401e+23	5.47204e+25	0  	3.15401e+24	5.61   	12 	1  	1.62826
25 	166   	10757.4    	3.22032e+06	0  	185614     	5.45   	11 	1  	1.56232
26 	143   	21549.4    	3.23256e+06	0  	262966     	5.46333	10 	1  	1.48615
27 	178   	410311     	1.16638e+08	0  	6.72675e+06	5.47667	10 	2  	1.49537
28 	182   	6.16564e+30	1.84969e+33	0  	1.06614e+32	5.68   	11 	1  	1.60133
29 	139   	236.606    	64276.9    	0  	3713.07    	5.71   	13 	1  	1.606  
30 	169   	21566      	3.23181e+06	0  	262934     	5.78   	14 	1  	1.7354 
31 	165   	5.54232e+09	1.66269e+12	0  	9.58354e+10	5.74667	11 	1  	1.58193
32 	160   	18.6393    	1983       	0  	159.482    	5.79333	11 	1  	1.6342 
33 	178   	10819      	3.24336e+06	0  	186942     	5.78333	14 	1  	1.71942
34 	165   	14.5723    	2308       	0  	133.258    	5.78667	12 	1  	1.66968
35 	174   	4.38939e+10	1.31682e+13	0  	7.58996e+11	5.88   	14 	1  	1.71239
36 	169   	3.16678e+18	9.50035e+20	0  	5.47588e+19	5.77   	13 	1  	1.71185
37 	162   	10776      	3.23034e+06	0  	186192     	5.71667	12 	1  	1.53288
38 	170   	16.3207    	2308       	0  	140.449    	5.64   	12 	3  	1.56111
39 	176   	1.82401e+23	5.47204e+25	0  	3.15401e+24	5.63   	13 	2  	1.58317
40 	168   	21.0238    	1983       	0  	161.755    	5.53333	12 	1  	1.64992
41 	173   	10781.1    	3.23034e+06	0  	186192     	5.61667	12 	1  	1.54587
42 	174   	698915     	2.06443e+08	0  	1.18999e+07	5.57   	10 	1  	1.38267
43 	189   	119301     	3.57859e+07	0  	2.06265e+06	5.53333	11 	1  	1.46591
44 	155   	698700     	2.06376e+08	0  	1.18961e+07	5.67333	11 	1  	1.58534
45 	168   	33022.5    	3.25197e+06	0  	322937     	5.65333	12 	1  	1.6911 
46 	155   	688149     	2.06443e+08	0  	1.18991e+07	5.54   	12 	1  	1.57323
47 	149   	6195.74    	1.85691e+06	0  	107030     	5.64333	13 	2  	1.4909 
48 	152   	10806.1    	3.2404e+06 	0  	186772     	5.57333	11 	1  	1.49152
49 	148   	10956.6    	3.22032e+06	0  	185640     	5.51   	11 	1  	1.54593
50 	154   	6.98647e+06	1.55907e+09	0  	9.49435e+07	5.43333	10 	3  	1.40436
51 	161   	10815.9    	3.2404e+06 	0  	186772     	5.35333	10 	1  	1.42425
52 	191   	10961.9    	3.22032e+06	0  	185642     	5.35333	12 	1  	1.46122
53 	161   	10852.7    	3.25197e+06	0  	187439     	5.4    	10 	1  	1.54704
54 	167   	23289.8    	3.2404e+06 	0  	264863     	5.40333	10 	3  	1.40499
55 	177   	1.82401e+23	5.47204e+25	0  	3.15401e+24	5.3    	11 	2  	1.28712
56 	155   	5.42861e+06	1.62534e+09	0  	9.36821e+07	5.25667	14 	1  	1.36044
57 	171   	21583.7    	3.2404e+06 	0  	263284     	5.22333	10 	1  	1.30899
58 	176   	2.22258e+29	6.66773e+31	0  	3.8432e+30 	5.29333	13 	3  	1.43084
59 	179   	21608.5    	3.2404e+06 	0  	263694     	5.2    	11 	2  	1.16333
60 	156   	130680     	3.57241e+07	0  	2.0669e+06 	5.16333	13 	1  	1.5    
61 	158   	26.6021    	3665.5     	0  	250.842    	5.11333	11 	1  	1.36644
62 	172   	21540.6    	3.23034e+06	0  	262875     	5.15667	11 	1  	1.22425
63 	160   	21610.9    	3.2404e+06 	0  	263693     	5.20667	11 	1  	1.3028 
64 	165   	22117.2    	3.23109e+06	0  	263045     	5.23667	11 	2  	1.30153
65 	166   	10897.2    	3.21034e+06	0  	185050     	5.2    	10 	1  	1.23018
66 	159   	33.9957    	3648       	0  	292.781    	5.19   	12 	1  	1.1607 
67 	162   	239.593    	64276.9    	0  	3710.36    	5.21333	10 	1  	1.27586
68 	164   	5.09712    	179.5      	0  	14.9657    	5.13   	9  	2  	1.0831 
69 	165   	10777.8    	3.23181e+06	0  	186277     	5.15   	11 	1  	1.23322
70 	162   	21.4829    	2730.5     	0  	169.529    	5.20667	11 	1  	1.41089
71 	192   	3.88951e+30	1.16685e+33	0  	6.72559e+31	5.28667	12 	1  	1.43683
72 	175   	11.9048    	1636.5     	0  	95.6243    	5.24   	12 	2  	1.44536
73 	160   	14.5614    	2308       	0  	134.611    	5.33667	13 	1  	1.64823
74 	180   	10814.8    	3.2404e+06 	0  	186772     	5.26333	13 	1  	1.56865
75 	157   	49979.6    	1.49922e+07	0  	864130     	5.15333	12 	1  	1.33535
76 	179   	10786.6    	3.23181e+06	0  	186277     	5.17   	12 	1  	1.36422
77 	168   	7.56635    	102        	0  	16.363     	5.06333	11 	1  	1.35867
78 	171   	688400     	2.06443e+08	0  	1.18991e+07	5.24333	11 	2  	1.27963
79 	165   	119074     	3.57186e+07	0  	2.05878e+06	5.32333	11 	1  	1.33371
80 	172   	10741.6    	3.22032e+06	0  	185615     	5.28667	11 	2  	1.4158 
81 	148   	8.23702    	798        	0  	49.8725    	5.33333	12 	1  	1.37437
82 	153   	224.058    	65025      	0  	3747.85    	5.36333	12 	1  	1.40404
83 	143   	10777.1    	3.23181e+06	0  	186277     	5.29667	11 	1  	1.35474
84 	170   	8.16465    	825.084    	0  	48.5894    	5.33   	13 	1  	1.51254
85 	168   	1.82401e+23	5.47204e+25	0  	3.15401e+24	5.31   	11 	1  	1.41912
86 	169   	13.0684    	2146.65    	0  	124.144    	5.30667	13 	1  	1.49643
87 	163   	8.0951     	202.163    	0  	21.1526    	5.19   	11 	1  	1.55582
88 	152   	10821.1    	3.24188e+06	0  	186857     	5.01333	10 	1  	1.24626
89 	162   	21623.3    	3.2651e+06 	0  	263888     	5.18667	11 	1  	1.1882 
90 	185   	14.9048    	2668       	0  	155.516    	5.28667	12 	1  	1.34579
91 	180   	11004      	3.23034e+06	0  	186219     	5.31   	11 	1  	1.47442
92 	179   	10778.6    	3.23181e+06	0  	186277     	5.24   	11 	1  	1.34253
93 	187   	10957.3    	3.22032e+06	0  	185639     	5.20667	10 	1  	1.40379
94 	171   	211.181    	61525      	0  	3545.89    	5.19   	11 	1  	1.43082
95 	165   	10831.7    	3.24188e+06	0  	186856     	5.22   	11 	1  	1.40176
96 	151   	10777.6    	3.23181e+06	0  	186277     	5.27   	11 	1  	1.3918 
97 	168   	32421.2    	3.25049e+06	0  	322416     	5.25   	13 	1  	1.23322
98 	155   	8.27399    	309        	0  	28.7293    	5.21   	12 	1  	1.34384
99 	178   	13.9224    	2363.5     	0  	136.835    	5.12667	14 	2  	1.32563
100	141   	1.7894e+06 	5.36813e+08	0  	3.09412e+07	5.08667	11 	1  	1.29839
--------------------------------------------------------------------------------

Best individual:
Required sequence: 1, 3, 5, 7, 9, 11, 13, 15, 17, 19, 21, 23, 25, 27, 29, 31, 33, 35, 37, 39, 41, 43, 45, 47, 49, 51, 53, 55, 57, 59, 61, 63, 65, 67, 69, 71, 73, 75, 77, 79, 81, 83, 85, 87, 89, 91, 93, 95, 97, 99, 101, 103, 105, 107, 109, 111, 113, 115, 117, 119, 121, 123, 125, 127, 129, 131
Actual sequence:   1, 3, 5, 7, 9, 11, 13, 15, 17, 19, 21, 23, 25, 27, 29, 31, 33, 35, 37, 39, 41, 43, 45, 47, 49, 51, 53, 55, 57, 59, 61, 63, 65, 67, 69, 71, 73, 75, 77, 79, 81, 83, 85, 87, 89, 91, 93, 95, 97, 99, 101, 103, 105, 107, 109, 111, 113, 115, 117, 119, 121, 123, 125, 127, 129, 131


Best algorithm: add(add(n, 1), n)

Success!