   	      	                      fitness                       	              size              
   	      	----------------------------------------------------	--------------------------------
gen	nevals	avg         	max         	min   	std         	avg    	max	min	std     
0  	300   	2.55596e+30 	7.66789e+32 	4143.9	4.41968e+31 	3.13333	7  	2  	1.24454 
1  	174   	1.32047e+26 	3.96141e+28 	0     	2.28331e+27 	3.13   	8  	1  	1.23818 
2  	169   	4.82474e+73 	1.4474e+76  	0     	8.34263e+74 	3.34333	8  	1  	1.24851 
3  	169   	1.5417e+122 	4.62509e+124	0     	2.66584e+123	3.50333	9  	1  	1.3     
4  	148   	4.82489e+73 	1.4474e+76  	0     	8.34263e+74 	3.65   	12 	1  	1.49025 
5  	165   	4.82504e+73 	1.4474e+76  	0     	8.34263e+74 	4.01333	13 	1  	1.75494 
6  	172   	7.53855e+71 	2.26156e+74 	0     	1.30354e+73 	4.3    	12 	1  	1.89824 
7  	165   	2.31681e+77 	3.47521e+79 	0     	2.82802e+78 	4.9    	10 	2  	1.67033 
8  	170   	3.96141e+26 	3.96141e+28 	0     	3.94155e+27 	4.91667	10 	1  	1.6134  
9  	170   	552163      	1.54765e+08 	0     	8.9194e+06  	5.08667	11 	1  	1.67705 
10 	172   	1.32047e+26 	3.96141e+28 	0     	2.28331e+27 	5.06667	11 	1  	1.63978 
11 	174   	188474      	4.22732e+07 	0     	2.43935e+06 	5.08333	10 	1  	1.59887 
12 	160   	604759      	4.22732e+07 	0     	4.8462e+06  	5.16333	12 	1  	1.74069 
13 	168   	6.50255e+19 	1.95076e+22 	0     	1.1244e+21  	5.28333	14 	3  	1.92086 
14 	174   	6.45655e+14 	1.93696e+17 	0     	1.11644e+16 	5.21   	14 	1  	1.86348 
15 	180   	1.31777e+13 	3.9533e+15  	0     	2.27863e+14 	4.96   	12 	1  	1.56793 
16 	177   	348172      	4.22732e+07 	0     	3.44024e+06 	4.84667	15 	1  	1.58634 
17 	158   	349860      	4.22732e+07 	0     	3.45764e+06 	4.8    	12 	1  	1.59792 
18 	171   	1.31777e+13 	3.9533e+15  	0     	2.27863e+14 	4.84333	10 	1  	1.51177 
19 	161   	762496      	4.22732e+07 	0     	5.42579e+06 	4.84333	14 	1  	1.53583 
20 	174   	42597.8     	988424      	0     	163909      	4.85667	9  	1  	1.42225 
21 	161   	50562.5     	988424      	0     	174702      	4.73   	11 	1  	1.50458 
22 	178   	1.30212e+13 	3.90637e+15 	0     	2.25158e+14 	4.75667	11 	1  	1.42973 
23 	171   	1.25571e+09 	3.76454e+11 	0     	2.16983e+10 	4.66667	10 	1  	1.27889 
24 	166   	1.31881e+13 	3.95644e+15 	0     	2.28044e+14 	4.58667	9  	1  	1.15289 
25 	152   	6.4703e+27  	1.94109e+30 	0     	1.11882e+29 	4.6    	14 	1  	1.35154 
26 	170   	644513      	4.22732e+07 	0     	4.85352e+06 	4.7    	9  	2  	1.11505 
27 	158   	535974      	4.22732e+07 	0     	4.28501e+06 	4.64667	13 	1  	1.27612 
28 	159   	1.03594e+06 	7.4514e+07  	0     	6.89322e+06 	4.57667	10 	1  	1.14198 
29 	176   	9.50196e+07 	2.84027e+10 	0     	1.63708e+09 	4.69667	10 	1  	1.272   
30 	143   	1.34906e+10 	4.04704e+12 	0     	2.33266e+11 	4.54333	11 	1  	1.22534 
31 	187   	1.25602e+09 	3.76454e+11 	0     	2.16982e+10 	4.56333	10 	1  	1.22719 
32 	155   	1.6107e+178 	4.8321e+180 	0     	inf         	4.48667	10 	1  	1.14738 
33 	167   	5.67618e+78 	1.70285e+81 	0     	9.81503e+79 	4.55667	10 	1  	1.29104 
34 	160   	2.59294e+07 	7.68613e+09 	0     	4.43012e+08 	4.47333	9  	1  	1.21214 
35 	153   	652568      	9.44084e+07 	0     	6.42142e+06 	4.53667	10 	1  	1.16132 
36 	157   	183222      	4.22732e+07 	0     	2.43935e+06 	4.53333	8  	1  	1.01105 
37 	158   	7.55431e+123	2.26629e+126	0     	1.30626e+125	4.52   	10 	1  	1.17598 
38 	175   	1.31777e+13 	3.9533e+15  	0     	2.27863e+14 	4.53333	9  	1  	1.17    
39 	154   	829268      	1.54708e+08 	0     	9.54086e+06 	4.55333	8  	1  	1.01019 
40 	157   	650990      	4.22732e+07 	0     	4.85855e+06 	4.45667	9  	1  	1.03672 
41 	175   	1.53552e+32 	4.60655e+34 	0     	2.65516e+33 	4.50333	10 	1  	1.10302 
42 	158   	702911      	1.54708e+08 	0     	9.23452e+06 	4.55667	10 	1  	1.12552 
43 	167   	2.36409e+75 	7.09227e+77 	0     	4.08789e+76 	4.52   	10 	1  	0.998132
44 	169   	761754      	4.22732e+07 	0     	5.411e+06   	4.58667	10 	1  	1.09354 
45 	156   	2.61424e+07 	7.6991e+09  	0     	4.43759e+08 	4.47   	10 	1  	1.11464 
46 	136   	52457.6     	1.3116e+06  	0     	187169      	4.57667	10 	1  	1.1478  
47 	165   	198103      	4.22732e+07 	0     	2.44024e+06 	4.47667	10 	1  	1.25544 
48 	185   	9.50528e+07 	2.84027e+10 	0     	1.63708e+09 	4.40333	10 	1  	1.13166 
49 	133   	692110      	1.54708e+08 	0     	9.23489e+06 	4.38333	9  	1  	0.984745
50 	160   	381334      	4.22732e+07 	0     	3.47529e+06 	4.46667	10 	1  	1.15566 
51 	153   	7.55431e+123	2.26629e+126	0     	1.30626e+125	4.44667	10 	1  	1.13159 
52 	159   	471939      	4.22732e+07 	0     	4.20472e+06 	4.49333	12 	1  	1.27408 
53 	159   	2.52591e+126	7.57774e+128	0     	4.36771e+127	4.54667	10 	1  	1.1552  
54 	133   	607917      	4.22732e+07 	0     	4.84626e+06 	4.52667	11 	1  	1.24738 
55 	179   	506523      	4.22732e+07 	0     	4.21483e+06 	4.54   	9  	1  	1.2656  
56 	185   	2.5972e+07  	7.68613e+09 	0     	4.43012e+08 	4.50667	10 	1  	1.25298 
57 	171   	2.61137e+39 	7.83412e+41 	0     	4.51548e+40 	4.44667	9  	1  	1.17494 
58 	181   	331372      	4.22732e+07 	0     	3.44033e+06 	4.40667	10 	1  	1.20608 
59 	180   	604968      	4.22732e+07 	0     	4.84644e+06 	4.50333	12 	1  	1.30511 
60 	169   	841182      	1.54708e+08 	0     	9.54022e+06 	4.46667	10 	1  	1.12645 
61 	156   	338065      	4.22732e+07 	0     	3.44041e+06 	4.45667	11 	1  	1.10821 
62 	174   	761340      	4.22732e+07 	0     	5.40767e+06 	4.45667	10 	1  	1.19783 
63 	160   	2.77808e+08 	8.32885e+10 	0     	4.80063e+09 	4.41   	9  	1  	1.13808 
64 	164   	2.60051e+07 	7.65389e+09 	0     	4.41152e+08 	4.63333	10 	1  	1.19675 
65 	165   	470441      	4.22732e+07 	0     	4.20471e+06 	4.63333	12 	1  	1.23243 
66 	176   	2.58506e+07 	7.6894e+09  	0     	4.43201e+08 	4.56667	10 	1  	1.05462 
67 	172   	1.5417e+17  	4.62509e+19 	0     	2.66584e+18 	4.68667	9  	1  	1.13218 
68 	164   	2.65088e+07 	7.68613e+09 	0     	4.43007e+08 	4.68   	9  	1  	1.07592 
69 	172   	3.17938e+08 	9.52821e+10 	0     	5.49192e+09 	4.68   	11 	1  	1.19622 
70 	152   	1.32452e+13 	3.97355e+15 	0     	2.2903e+14  	4.58667	9  	1  	1.06262 
71 	157   	2.57366e+07 	7.66352e+09 	0     	4.41711e+08 	4.57667	10 	1  	1.08511 
72 	149   	325569      	4.22732e+07 	0     	3.44039e+06 	4.64667	10 	2  	1.20906 
73 	157   	1.15029e+73 	3.45087e+75 	0     	1.98904e+74 	4.67667	11 	1  	1.27232 
74 	181   	372186      	4.22732e+07 	0     	3.46468e+06 	4.54667	11 	1  	1.14942 
75 	176   	1.01151e+21 	3.03452e+23 	0     	1.74906e+22 	4.56667	11 	1  	1.17142 
76 	177   	936313      	4.22732e+07 	0     	5.91895e+06 	4.62   	11 	1  	1.33502 
77 	167   	623334      	4.22732e+07 	0     	4.84535e+06 	4.56   	9  	1  	1.20543 
78 	164   	3.58187e+11 	1.07448e+14 	0     	6.19319e+12 	4.57667	9  	1  	1.05077 
79 	140   	1.5417e+122 	4.62509e+124	0     	2.66584e+123	4.56333	9  	1  	0.944805
80 	160   	2.63877e+07 	7.68613e+09 	0     	4.43007e+08 	4.60667	8  	2  	0.979093
81 	173   	1.25591e+09 	3.76454e+11 	0     	2.16983e+10 	4.61333	11 	1  	1.03786 
82 	157   	229615      	4.22732e+07 	0     	2.51449e+06 	4.68   	11 	3  	1.05717 
83 	170   	904543      	4.22732e+07 	0     	5.9134e+06  	4.66667	10 	1  	1.17568 
84 	152   	46313.6     	711451      	0     	168220      	4.63   	9  	1  	0.965971
85 	180   	488962      	4.22732e+07 	0     	4.20418e+06 	4.68667	12 	1  	1.25239 
86 	166   	187408      	4.22732e+07 	0     	2.43969e+06 	4.62   	9  	2  	1.07499 
87 	174   	6.21521e+07 	1.08601e+10 	0     	7.65641e+08 	4.60333	11 	1  	1.34635 
88 	161   	464708      	4.22732e+07 	0     	4.20493e+06 	4.51667	9  	1  	1.10893 
89 	171   	1.31045e+13 	3.93135e+15 	0     	2.26598e+14 	4.60667	9  	1  	1.10993 
90 	170   	464594      	4.22732e+07 	0     	4.20494e+06 	4.58333	10 	1  	1.0407  
91 	160   	7.36186e+68 	2.20856e+71 	0     	1.27299e+70 	4.54333	10 	1  	1.0335  
92 	172   	489380      	4.22732e+07 	0     	4.20414e+06 	4.55   	11 	1  	1.16369 
93 	191   	1.25518e+09 	3.76454e+11 	0     	2.16983e+10 	4.51   	13 	1  	1.26619 
94 	164   	47029.8     	711451      	0     	168127      	4.50667	10 	1  	1.09695 
95 	167   	846379      	1.54241e+08 	0     	9.5148e+06  	4.41   	10 	1  	0.963622
96 	161   	1.31777e+13 	3.9533e+15  	0     	2.27863e+14 	4.39667	10 	1  	1.07051 
97 	157   	482354      	4.22732e+07 	0     	4.20462e+06 	4.51   	9  	2  	1.04398 
98 	177   	348066      	4.22732e+07 	0     	3.44039e+06 	4.48667	10 	1  	1.15607 
99 	164   	203982      	4.22732e+07 	0     	2.44449e+06 	4.48667	12 	1  	1.14447 
100	161   	3.70161e+125	1.11048e+128	0     	6.40068e+126	4.53333	12 	1  	1.17568 
--------------------------------------------------------------------------------

Best individual:
Required sequence: 0, 1, 8, 27, 64, 125, 216, 343, 512, 729, 1000, 1331, 1728, 2197, 2744, 3375, 4096, 4913, 5832, 6859, 8000, 9261, 10648, 12167, 13824, 15625, 17576, 19683, 21952, 24389, 27000, 29791, 32768, 35937, 39304, 42875, 46656, 50653, 54872, 59319, 64000
Actual sequence:   0.0, 1.0, 8.0, 27.0, 64.0, 125.0, 216.0, 343.0, 512.0, 729.0, 1000.0, 1331.0, 1728.0, 2197.0, 2744.0, 3375.0, 4096.0, 4913.0, 5832.0, 6859.0, 8000.0, 9261.0, 10648.0, 12167.0, 13824.0, 15625.0, 17576.0, 19683.0, 21952.0, 24389.0, 27000.0, 29791.0, 32768.0, 35937.0, 39304.0, 42875.0, 46656.0, 50653.0, 54872.0, 59319.0, 64000.0


Best algorithm: mul(n, pbase_pow_2(n))

Success!