   	      	                      fitness                      	              size              
   	      	---------------------------------------------------	--------------------------------
gen	nevals	avg        	max        	min	std        	avg    	max	min	std     
0  	300   	6.16564e+30	1.84969e+33	0  	1.06614e+32	3.10667	7  	2  	1.28139 
1  	156   	32280      	3.22179e+06	0  	320558     	3.11667	8  	1  	1.37467 
2  	156   	7.28161e+06	1.62514e+09	0  	9.85455e+07	3.54   	12 	1  	1.66985 
3  	152   	487535     	1.4302e+08 	0  	8.24496e+06	3.92333	13 	1  	1.89494 
4  	151   	21524.3    	3.22179e+06	0  	262176     	4.23667	13 	1  	1.78157 
5  	167   	25.8288    	2730.5     	0  	207.779    	4.4    	13 	1  	1.93046 
6  	158   	5.54229e+09	1.66268e+12	0  	9.58349e+10	3.81333	13 	1  	1.59744 
7  	168   	32266      	3.23181e+06	0  	320842     	3.25667	14 	1  	1.08203 
8  	172   	1.82401e+23	5.47204e+25	0  	3.15401e+24	3.15333	8  	2  	0.7415  
9  	174   	4.37733    	85         	0  	15.2067    	3.06333	8  	1  	0.657766
10 	174   	221.839    	64276.9    	0  	3705.25    	3.12333	11 	2  	0.69387 
11 	148   	10782.5    	3.23181e+06	0  	186277     	3.10333	9  	1  	0.657766
12 	171   	10783      	3.23181e+06	0  	186277     	3.11667	7  	3  	0.519348
13 	172   	21558      	3.23497e+06	0  	263124     	3.09   	8  	1  	0.664756
14 	176   	370.575    	63761.5    	0  	4451.85    	3.06333	7  	1  	0.553163
15 	170   	47.2289    	10171      	0  	602.712    	3.16667	9  	1  	0.901234
16 	160   	10783.1    	3.23181e+06	0  	186277     	3.09667	7  	1  	0.566265
17 	169   	2.63038    	70         	0  	10.7845    	3.04667	8  	1  	0.514285
18 	176   	215.164    	62022      	0  	3576.22    	3.07   	6  	1  	0.467369
19 	155   	1715.74    	513378     	0  	29590.2    	3.1    	9  	1  	0.6245  
20 	173   	216.78     	62022      	0  	3576.9     	3.01333	6  	2  	0.29409 
21 	187   	1.80015e+06	5.36813e+08	0  	3.09412e+07	3.1    	8  	2  	0.493288
22 	165   	19.5485    	2534.1     	0  	187.363    	3.09667	8  	1  	0.796234
23 	170   	1.82401e+23	5.47204e+25	0  	3.15401e+24	3.08   	6  	1  	0.541849
24 	174   	23529.4    	3.24653e+06	0  	265117     	3.12333	9  	1  	0.731293
25 	173   	2.35097e+30	6.58079e+32	0  	3.80192e+31	3.08   	7  	1  	0.469326
26 	162   	10776.4    	3.23181e+06	0  	186277     	3.20333	9  	2  	0.792878
27 	160   	6.16564e+30	1.84969e+33	0  	1.06614e+32	3.16667	8  	1  	0.647216
28 	171   	4.46133    	145.135    	0  	17.0848    	3.24   	9  	1  	0.8301  
29 	165   	290.848    	86869.5    	0  	5006.98    	3.19   	10 	1  	0.783518
30 	151   	3.65271    	157.5      	0  	15.8576    	3.22   	9  	1  	0.893458
31 	145   	10.4935    	2363.5     	0  	136.669    	3.17   	7  	1  	0.61191 
32 	182   	4.38992e+10	1.31681e+13	0  	7.58994e+11	3.24667	9  	1  	0.828144
33 	160   	5.41807e+06	1.62542e+09	0  	9.36871e+07	3.13   	8  	1  	0.582895
34 	174   	8.64316    	1006.69    	0  	68.2953    	3.24667	9  	1  	0.930496
35 	151   	11031.2    	3.24188e+06	0  	186881     	3.17333	8  	1  	0.675738
36 	153   	699233     	2.06376e+08	0  	1.1896e+07 	3.11333	8  	1  	0.583514
37 	152   	5.41714e+06	1.62514e+09	0  	9.36709e+07	3.16333	8  	1  	0.650632
38 	168   	3.63683    	101.396    	0  	14.5622    	3.12333	9  	1  	0.649196
39 	172   	10964.1    	3.22179e+06	0  	185724     	3.2    	10 	1  	0.804156
40 	158   	21726.3    	3.23181e+06	0  	262596     	3.09667	8  	1  	0.658778
41 	168   	19.2834    	2374       	0  	193.553    	3.18667	9  	1  	0.7693  
42 	180   	21622.2    	3.25197e+06	0  	263816     	3.23667	9  	1  	0.875969
43 	148   	2.76273    	157.5      	0  	14.1254    	3.22667	8  	1  	0.845748
44 	156   	2.22258e+29	6.66773e+31	0  	3.8432e+30 	3.24333	8  	1  	0.835138
45 	179   	2.47811    	73.9899    	0  	10.5616    	3.17667	7  	1  	0.641967
46 	177   	75445.4    	1.29273e+07	0  	809951     	3.22667	7  	1  	0.749637
47 	157   	16.9881    	2363.5     	0  	192.341    	3.17333	9  	1  	0.650607
48 	178   	27247.4    	8.16984e+06	0  	470898     	3.16667	8  	1  	0.696818
49 	179   	4.21707    	179.5      	0  	18.5795    	3.23667	9  	1  	0.83306 
50 	162   	29.884     	5359.55    	0  	337.556    	3.15333	9  	1  	0.736991
51 	167   	10863      	3.25346e+06	0  	187524     	3.11667	8  	1  	0.624277
52 	176   	21.1559    	2363.5     	0  	184.622    	3.21   	8  	1  	0.743348
53 	162   	12.7715    	2363.5     	0  	138.685    	3.16333	10 	1  	0.759378
54 	146   	12.2774    	2550.87    	0  	149.125    	3.16333	9  	1  	0.670812
55 	163   	10776.7    	3.23181e+06	0  	186277     	3.17333	9  	1  	0.690378
56 	174   	43632.7    	3.23181e+06	0  	370460     	3.16333	7  	1  	0.665824
57 	174   	21529.9    	3.23645e+06	0  	262776     	3.14667	8  	1  	0.7013  
58 	155   	21547.5    	3.23181e+06	0  	262995     	3.14333	9  	1  	0.645075
59 	146   	10775      	3.23181e+06	0  	186278     	3.16   	8  	1  	0.68391 
60 	173   	579.458    	171702     	0  	9896.35    	3.18333	9  	1  	0.776567
61 	158   	11057.3    	3.25197e+06	0  	187464     	3.03667	8  	1  	0.537267
62 	182   	13.8323    	3132.5     	0  	182.717    	3.1    	6  	1  	0.493288
63 	158   	11566      	3.23329e+06	0  	186563     	3.10333	8  	1  	0.588208
64 	161   	10758      	3.22179e+06	0  	185699     	3.11667	9  	1  	0.810178
65 	170   	4.43373    	104.569    	0  	15.8154    	3.16667	10 	1  	0.955103
66 	175   	10754.5    	3.22179e+06	0  	185699     	3.25667	9  	1  	0.968223
67 	166   	10803.2    	3.23645e+06	0  	186544     	3.19667	8  	1  	0.96159 
68 	152   	14.4452    	3270       	0  	188.841    	3.22667	8  	1  	1.04656 
69 	178   	32650.3    	3.24188e+06	0  	322563     	3.39333	10 	1  	1.30331 
70 	152   	2.90021    	123.852    	0  	12.523     	3.29   	8  	1  	1.07047 
71 	153   	1.82401e+23	5.47204e+25	0  	3.15401e+24	3.30667	8  	1  	1.05164 
72 	166   	10981      	3.23181e+06	0  	186300     	3.27   	12 	1  	1.07878 
73 	163   	1.82401e+23	5.47204e+25	0  	3.15401e+24	3.34   	9  	1  	1.1566  
74 	159   	20.5276    	3132.5     	0  	217.6      	3.21667	10 	1  	0.918181
75 	167   	21582.8    	3.24188e+06	0  	263405     	3.26333	10 	1  	1.12279 
76 	157   	10789.7    	3.23181e+06	0  	186277     	3.12333	10 	1  	1.06213 
77 	170   	1.82401e+23	5.47204e+25	0  	3.15401e+24	3.27   	11 	2  	1.1212  
78 	175   	1.80024e+06	5.36838e+08	0  	3.09426e+07	3.13667	12 	1  	0.900734
79 	146   	10775.6    	3.23181e+06	0  	186278     	3.14   	9  	1  	0.770541
80 	157   	3.58394    	406        	0  	25.6421    	3.07333	6  	1  	0.456021
81 	152   	10778      	3.23181e+06	0  	186277     	3.11333	8  	1  	0.735179
82 	152   	6.16564e+30	1.84969e+33	0  	1.06614e+32	3.05667	9  	1  	0.663417
83 	167   	21549.2    	3.23181e+06	0  	262995     	3.16333	9  	1  	0.896282
84 	172   	10777.7    	3.23181e+06	0  	186277     	3.08333	7  	1  	0.550505
85 	172   	10790.4    	3.23181e+06	0  	186277     	3.15667	8  	1  	0.65736 
86 	163   	32380.7    	3.23181e+06	0  	321223     	3.10667	8  	1  	0.689412
87 	179   	10737.9    	3.22067e+06	0  	185635     	3.06667	8  	1  	0.555778
88 	157   	9.99806    	2031.5     	0  	118.45     	3.02333	9  	1  	0.479015
89 	169   	10777.1    	3.23181e+06	0  	186277     	3.06667	8  	1  	0.478423
90 	151   	2.62989    	123.852    	0  	11.6303    	3.1    	8  	1  	0.67082 
91 	175   	10795.3    	3.23181e+06	0  	186277     	3.12   	8  	1  	0.570614
92 	176   	9.7802     	2031.5     	0  	117.777    	3.09333	9  	1  	0.592696
93 	172   	1699.01    	508390     	0  	29302.7    	3.11   	8  	1  	0.592649
94 	164   	12.7567    	2363.5     	0  	139.465    	3.06   	8  	1  	0.634875
95 	166   	4.85174    	300.174    	0  	22.655     	3.13667	9  	1  	0.835457
96 	172   	5.45034e+06	1.62542e+09	0  	9.36858e+07	3.11   	9  	1  	0.681591
97 	151   	1.16347e+08	3.49042e+10	0  	2.01183e+09	3.06333	9  	1  	0.540976
98 	153   	220.118    	64276.9    	0  	3704.81    	3.13667	7  	1  	0.625558
99 	158   	5.42881e+06	1.62542e+09	0  	9.36867e+07	3.05333	7  	1  	0.586364
100	160   	21515.4    	3.23181e+06	0  	262588     	3.07667	9  	1  	0.646108
--------------------------------------------------------------------------------

Best individual:
Required sequence: 0, 2, 4, 6, 8, 10, 12, 14, 16, 18, 20, 22, 24, 26, 28, 30, 32, 34, 36, 38, 40, 42, 44, 46, 48, 50, 52, 54, 56, 58, 60, 62, 64, 66, 68, 70, 72, 74, 76, 78, 80, 82, 84, 86, 88, 90, 92, 94, 96, 98, 100, 102, 104, 106, 108, 110, 112, 114, 116, 118, 120
Actual sequence:   0, 2, 4, 6, 8, 10, 12, 14, 16, 18, 20, 22, 24, 26, 28, 30, 32, 34, 36, 38, 40, 42, 44, 46, 48, 50, 52, 54, 56, 58, 60, 62, 64, 66, 68, 70, 72, 74, 76, 78, 80, 82, 84, 86, 88, 90, 92, 94, 96, 98, 100, 102, 104, 106, 108, 110, 112, 114, 116, 118, 120


Best algorithm: add(n, n)

Success!