   	      	                      fitness                      	              size             
   	      	---------------------------------------------------	-------------------------------
gen	nevals	avg        	max        	min	std        	avg    	max	min	std    
0  	300   	2.22258e+29	6.66773e+31	0  	3.8432e+30 	3.86333	11 	2  	1.95397
1  	153   	447.322    	675.923    	0  	125.927    	4.24667	11 	1  	2.30199
2  	177   	368.604    	1046.5     	0  	141.467    	4.47333	13 	1  	2.40193
3  	149   	357.217    	16435      	0  	962.308    	4.69667	11 	1  	2.41067
4  	148   	697.52     	105958     	0  	6258.18    	5.19667	14 	1  	2.63401
5  	182   	327.648    	23102.5    	0  	1674.04    	5.67333	15 	1  	2.79761
6  	161   	276.171    	23102.5    	0  	1916.01    	4.96333	16 	1  	2.75354
7  	160   	1.2991e+32 	3.89729e+34	0  	2.24635e+33	3.68333	16 	1  	1.75016
8  	145   	75.0051    	2680.76    	0  	287.026    	3.52333	18 	1  	2.00236
9  	173   	111.392    	16435      	0  	976.567    	3.60667	18 	1  	2.19969
10 	168   	58.5002    	2338       	0  	226.083    	3.79667	18 	1  	2.57979
11 	184   	122.673    	16435      	0  	1118.87    	3.71333	18 	1  	2.46803
12 	179   	148.729    	16435      	0  	1341.63    	3.68   	18 	1  	2.55818
13 	179   	42.5785    	1372.97    	0  	158.174    	3.71   	18 	1  	2.52043
14 	166   	51.8275    	2338       	0  	204.578    	3.88667	18 	1  	2.74842
15 	164   	50.6249    	2338       	0  	194.171    	4.04667	18 	1  	3.08402
16 	144   	50.8293    	2680.76    	0  	230.403    	4.32667	18 	1  	3.42831
17 	150   	141.984    	16435      	0  	1342.2     	4.41   	18 	1  	3.56771
18 	168   	51.1679    	2338       	0  	218.361    	4.18667	24 	1  	3.40859
19 	159   	110.909    	16435      	0  	978.476    	4.37667	21 	1  	3.53668
20 	167   	86.122     	16435      	0  	953.901    	4.12333	21 	1  	3.43726
21 	183   	58.0101    	3118.01    	0  	239.12     	4.30333	21 	1  	3.73515
22 	190   	67.8604    	2680.76    	0  	262.057    	4.62333	21 	1  	4.04987
23 	159   	163.886    	16435      	0  	1344.29    	4.96   	21 	1  	4.23774
24 	180   	195.037    	45982.5    	0  	2651.65    	4.78667	24 	1  	4.32834
25 	165   	96.7925    	16435      	0  	970.316    	4.68667	21 	1  	4.17315
26 	183   	191.103    	16435      	0  	1289       	4.71   	21 	1  	4.01155
27 	173   	136.581    	16435      	0  	999.695    	4.70333	21 	1  	3.96341
28 	159   	214.668    	16435      	0  	1642.09    	4.77   	21 	1  	3.93748
29 	149   	32.3621    	1372.97    	0  	137.701    	4.21333	21 	1  	3.30068
30 	159   	45.9171    	2747.5     	0  	228.082    	4.38333	21 	1  	3.6391 
31 	167   	109.752    	16435      	0  	968.346    	4.42667	21 	1  	3.77244
32 	165   	99.6452    	16435      	0  	965.967    	4.51333	21 	1  	3.81792
33 	167   	84.6186    	2338       	0  	309.063    	4.54667	26 	1  	3.97842
34 	170   	170.884    	30939      	0  	1795.35    	4.59667	21 	1  	3.93793
35 	143   	100.803    	16435      	0  	966.954    	4.84333	21 	1  	4.1399 
36 	156   	46.9176    	1696.43    	0  	183.797    	4.68333	21 	1  	3.7881 
37 	164   	161.348    	16435      	0  	1352.38    	4.96333	21 	1  	4.01024
38 	187   	126.296    	16435      	0  	987.338    	4.89   	22 	1  	3.96542
39 	174   	202.81     	16435      	0  	1637.59    	4.82333	22 	1  	4.00235
40 	175   	61.7765    	2338       	0  	244.627    	5.03   	23 	1  	4.29214
41 	163   	77.9864    	10025.8    	0  	610.992    	4.83   	22 	1  	4.02506
42 	165   	98.2757    	16435      	0  	956.933    	4.79   	22 	1  	4.14076
43 	164   	33.1826    	2680.76    	0  	185.906    	4.92333	22 	1  	4.31557
44 	155   	41.1216    	2338       	0  	196.01     	4.86667	21 	1  	4.0442 
45 	158   	52.2851    	2680.76    	0  	214.887    	4.85333	21 	1  	4.22198
46 	173   	108.533    	16435      	0  	978.252    	4.79333	18 	1  	4.07234
47 	166   	3260.81    	942804     	0  	54343.9    	4.98333	22 	1  	4.29919
48 	166   	126.988    	16435      	0  	1090.76    	4.80333	22 	1  	4.17349
49 	161   	110.491    	16435      	0  	962.476    	5.16667	22 	1  	4.46306
50 	155   	87.7352    	16435      	0  	953.941    	5.46667	23 	1  	4.60821
--------------------------------------------------------------------------------

Best individual:
Required sequence: 0, 1, 4, 9, 16, 25, 36, 49, 64, 81, 100, 121, 144, 169, 196, 225, 256, 289, 324, 361, 400, 441, 484, 529, 576, 625, 676, 729, 784, 841, 900, 961, 1024, 1089, 1156, 1225, 1296, 1369, 1444, 1521, 1600, 1681, 1764, 1849, 1936, 2025, 2116, 2209, 2304, 2401, 2500
Actual sequence:   0, 1, 4, 9, 16, 25, 36, 49, 64, 81, 100, 121, 144, 169, 196, 225, 256, 289, 324, 361, 400, 441, 484, 529, 576, 625, 676, 729, 784, 841, 900, 961, 1024, 1089, 1156, 1225, 1296, 1369, 1444, 1521, 1600, 1681, 1764, 1849, 1936, 2025, 2116, 2209, 2304, 2401, 2500


Best algorithm: mul(mul(1, n), abs(n))

Success!