   	      	                      fitness                      	              size              
   	      	---------------------------------------------------	--------------------------------
gen	nevals	avg       	max        	min	std        	avg    	max	min	std     
0  	300   	1.2991e+32	3.89729e+34	0  	2.24635e+33	3.96   	12 	2  	2.05225 
1  	173   	22213.8   	24289      	0  	1861.82    	4.24667	12 	1  	2.29183 
2  	164   	21322.1   	31171      	0  	2978.3     	4.46333	12 	1  	2.2484  
3  	183   	20123.3   	106812     	0  	6490.48    	4.65667	13 	1  	2.33783 
4  	158   	17284     	36344.7    	0  	6013.17    	4.94333	16 	1  	2.14012 
5  	157   	13348.4   	105958     	0  	10497.4    	5.39667	14 	1  	2.09746 
6  	160   	52362.4   	8.83574e+06	0  	514708     	5.69   	14 	1  	1.87098 
7  	168   	469095    	9.3343e+07 	0  	5.46806e+06	5.88667	14 	1  	1.89046 
8  	162   	50632.1   	8.83574e+06	0  	517842     	5.17667	12 	1  	1.19113 
9  	165   	33840.6   	711451     	0  	144393     	4.98   	10 	1  	1.06126 
10 	154   	30644.6   	3.37665e+06	0  	221220     	5.06667	13 	1  	1.08423 
11 	163   	23911.2   	711451     	0  	121111     	5.07   	14 	1  	1.15691 
12 	183   	50402.8   	711451     	0  	176833     	4.98667	11 	1  	1.09536 
13 	176   	26512.5   	711451     	0  	127475     	4.99   	11 	1  	0.953887
14 	163   	33068.6   	711451     	0  	144537     	5.07667	15 	1  	1.16796 
15 	151   	47242.3   	711451     	0  	169590     	4.99333	12 	1  	1.16331 
16 	174   	39046.1   	711451     	0  	154518     	4.98   	12 	1  	1.16029 
17 	147   	29201.8   	711451     	0  	133613     	5.07333	11 	1  	0.935212
18 	183   	35932.1   	711451     	0  	149685     	5.10667	15 	1  	1.19246 
19 	156   	30128.8   	711451     	0  	135236     	5.00333	8  	1  	0.846555
20 	149   	1.2991e+32	3.89729e+34	0  	2.24635e+33	5.04   	9  	1  	0.96871 
21 	165   	45371.6   	711451     	0  	168428     	5.00667	13 	1  	1.14016 
22 	163   	23789.4   	711451     	0  	121121     	4.95   	11 	1  	0.879867
23 	179   	35498.5   	711451     	0  	149690     	5.03   	10 	1  	0.94645 
24 	161   	33157.2   	711451     	0  	144608     	5.09   	15 	3  	0.970515
25 	174   	68419.5   	8.83574e+06	0  	530077     	5.02   	12 	1  	1.10436 
26 	153   	40585.8   	711451     	0  	159370     	4.98   	8  	1  	0.986374
27 	166   	41043.1   	711451     	0  	159423     	5.06   	13 	1  	1.1985  
28 	175   	31444.5   	711451     	0  	139092     	5.04667	10 	1  	0.971848
29 	180   	23834.8   	711451     	0  	121157     	5.04   	11 	1  	0.870862
30 	139   	27892.7   	711451     	0  	133484     	5.04333	11 	1  	0.935301
31 	155   	30158.2   	711451     	0  	139248     	5.08667	10 	2  	0.844091
32 	151   	26247.2   	711451     	0  	127453     	5.00333	11 	1  	1.01816 
33 	158   	29057.2   	711451     	0  	133536     	4.99667	14 	1  	1.09696 
34 	160   	33299.5   	711451     	0  	144499     	4.93333	7  	1  	0.880656
35 	152   	18409.8   	711451     	0  	107265     	5.02   	11 	1  	0.958958
36 	174   	31186.5   	711451     	0  	139224     	5.03   	9  	1  	0.788944
37 	167   	74138.4   	1.36752e+07	0  	797812     	5.01667	12 	1  	0.988124
38 	181   	45298.6   	711451     	0  	168427     	4.96333	11 	1  	0.994312
39 	165   	40534.2   	711451     	0  	159476     	5.07667	12 	1  	1.12729 
40 	187   	31297.4   	711451     	0  	139184     	5.01   	12 	1  	0.943345
41 	178   	37911     	711451     	0  	154682     	5      	13 	1  	1.0583  
42 	180   	19363.2   	711451     	0  	107466     	5.02333	10 	1  	0.918035
43 	154   	23931     	711451     	0  	121330     	5.08   	15 	1  	1.05527 
44 	185   	35736.6   	711451     	0  	149660     	5.03   	13 	1  	1.14707 
45 	159   	44051.7   	711451     	0  	163917     	5.08   	12 	1  	1.13737 
46 	165   	33073.2   	711451     	0  	144514     	5.02333	11 	1  	1.09062 
47 	170   	33361.8   	711451     	0  	144579     	5.01   	10 	2  	0.834606
48 	156   	38501.1   	711451     	0  	154553     	4.93   	8  	1  	0.951367
49 	166   	164659    	4.22732e+07	0  	2.43821e+06	5.09   	10 	3  	0.821726
50 	167   	30998.6   	1.3116e+06 	0  	147377     	5.03   	11 	1  	0.977633
--------------------------------------------------------------------------------

Best individual:
Required sequence: 0, 1, 8, 27, 64, 125, 216, 343, 512, 729, 1000, 1331, 1728, 2197, 2744, 3375, 4096, 4913, 5832, 6859, 8000, 9261, 10648, 12167, 13824, 15625, 17576, 19683, 21952, 24389, 27000, 29791, 32768, 35937, 39304, 42875, 46656, 50653, 54872, 59319, 64000
Actual sequence:   0, 1, 8, 27, 64, 125, 216, 343, 512, 729, 1000, 1331, 1728, 2197, 2744, 3375, 4096, 4913, 5832, 6859, 8000, 9261, 10648, 12167, 13824, 15625, 17576, 19683, 21952, 24389, 27000, 29791, 32768, 35937, 39304, 42875, 46656, 50653, 54872, 59319, 64000


Best algorithm: mul(n, mul(n, n))

Success!