   	      	                          fitness                          	              size             
   	      	-----------------------------------------------------------	-------------------------------
gen	nevals	avg        	max        	min      	std        	avg    	max	min	std    
0  	300   	3800.79    	50046.9    	1278.86  	2745.68    	3.78   	7  	2  	1.54648
1  	161   	3333.78    	8733.21    	1278.86  	688.958    	3.76333	13 	1  	1.57712
2  	161   	3114.92    	10288      	449.782  	1024.79    	3.89667	13 	1  	1.6771 
3  	176   	2641.43    	8348.57    	196.416  	993.383    	3.75667	9  	1  	1.49581
4  	169   	2507.77    	50046.9    	196.416  	3402.49    	3.95   	10 	1  	1.6189 
5  	155   	2507.8     	149135     	129.143  	8754.5     	4.10667	11 	1  	1.72876
6  	175   	5399.69    	1.00512e+06	78.8571  	57964.3    	4.39   	11 	1  	1.92646
7  	171   	8598.62    	1.00512e+06	68.5714  	64117.2    	4.95333	13 	1  	1.96074
8  	161   	9904.63    	1.00512e+06	68.5714  	79042.3    	5.9    	13 	1  	2.20832
9  	171   	10418.9    	1.00512e+06	64.5067  	84014.7    	6.72667	16 	1  	2.35767
10 	167   	2486.39    	201897     	64.5067  	14082.4    	7.20667	17 	3  	2.58405
11 	157   	1156.79    	37707.9    	43.491   	3663.81    	7.44333	20 	1  	2.71541
12 	171   	944.625    	68919.3    	43.491   	4313.68    	7.67   	17 	1  	2.67353
13 	166   	875.162    	33010.7    	43.491   	2596.96    	8.12667	19 	1  	3.06332
14 	158   	541.178    	12029.4    	34.2857  	1174.13    	9.19667	22 	3  	3.30928
15 	153   	571.006    	8890.29    	34.2857  	1104.95    	9.92667	23 	1  	3.26108
16 	156   	660.289    	38568.8    	39.1076  	2757.14    	10.33  	25 	1  	3.17297
17 	161   	791.854    	99581.7    	39.1076  	5799.65    	10.4933	21 	1  	3.27261
18 	149   	464.41     	8137.41    	39.1076  	968.757    	10.4167	22 	1  	3.26645
19 	173   	471.438    	10288      	26.3314  	1083.71    	10.26  	29 	2  	3.84869
20 	169   	4.44516e+30	1.33355e+33	26.3314  	7.68639e+31	10.3833	26 	3  	3.73672
21 	160   	446.031    	4881.14    	26.3314  	895.575    	10.82  	33 	1  	4.57831
22 	170   	712.051    	36124.1    	26.3314  	3361.64    	11.76  	33 	1  	5.04008
23 	179   	839.514    	50046.9    	26.3314  	3739.03    	12.7067	41 	2  	5.89299
24 	167   	474.043    	14666.1    	25.3892  	1311.07    	14.3867	37 	1  	6.54807
25 	164   	8174.14    	1.36784e+06	21.8624  	96381.1    	16.5067	37 	1  	7.4514 
26 	154   	9.44982e+30	2.83495e+33	19.7412  	1.63403e+32	18.5867	50 	3  	7.76718
27 	170   	437.732    	7586.29    	19.7412  	1042.61    	20.0167	54 	1  	8.12833
28 	168   	405.353    	25645.4    	15.777   	1647.98    	20.1333	63 	1  	8.30355
29 	169   	1202.4     	215387     	13.8021  	12676.6    	20.5933	63 	3  	8.08711
30 	181   	660.831    	35842.1    	13.8021  	2854.57    	20.2767	46 	1  	7.39911
31 	172   	609.624    	53295.4    	13.8021  	3334.49    	21.24  	46 	3  	7.75601
32 	159   	397.7      	14838.9    	13.2286  	1377.21    	22.54  	46 	3  	9.00676
33 	157   	552.34     	36962.4    	13.2286  	3164.96    	24.45  	60 	3  	10.1292
34 	166   	818.163    	52643.2    	9.23951  	4833.3     	25.6367	66 	1  	10.2345
35 	172   	484.45     	36696.4    	4.14038  	2389.71    	27.34  	69 	3  	11.8972
36 	172   	462.975    	18631      	4.11045  	2050.2     	30.38  	70 	3  	11.367 
37 	175   	220.737    	5590.21    	4.04195  	697.415    	33.4567	73 	1  	13.1228
38 	174   	529.436    	60746.2    	4.11045  	3617.73    	35.2633	86 	1  	14.1563
39 	172   	1.48468e+32	4.45405e+34	3.71455  	2.56726e+33	39.8   	91 	1  	15.5078
40 	172   	209.435    	20292      	3.31661  	1249.16    	43.75  	91 	1  	16.4035
41 	167   	322.682    	20883.1    	3.24138  	1509.19    	46.7867	97 	3  	16.6149
42 	140   	159.772    	5091.33    	2.95028  	600.084    	47.67  	108	3  	14.5298
43 	158   	185.219    	4302.86    	3.08695  	689.877    	46.1367	126	1  	15.9285
44 	166   	2.94755e+33	8.84266e+35	2.85953  	5.09679e+34	43.8867	114	2  	14.035 
45 	175   	2.09855e+31	6.29564e+33	2.62273  	3.62872e+32	42.7133	107	3  	11.8869
46 	182   	220.477    	5713.35    	1.94252  	787.428    	44.0167	77 	3  	9.66659
47 	175   	1015.89    	200318     	1.94252  	11772.2    	44.5   	94 	1  	13.1589
48 	179   	207.458    	6704.41    	1.39094  	834        	46.35  	96 	1  	13.1484
49 	161   	3.1475e+30 	9.44249e+32	1.89662  	5.44253e+31	47.34  	100	1  	15.0813
50 	159   	184.627    	14966.3    	1.68972  	1112.38    	49.21  	89 	1  	12.0499
51 	170   	209.802    	13969.5    	1.42382  	1025.26    	49.38  	96 	1  	14.6684
52 	176   	153.272    	3764.57    	1.42382  	564.319    	51.09  	105	3  	14.9631
53 	155   	430.657    	93696.8    	1.40988  	5417.37    	50.6367	95 	1  	15.7179
54 	172   	139.041    	5053.04    	1.2026   	572.417    	51.7   	104	3  	16.4237
55 	147   	159.418    	8348.57    	1.18735  	825.805    	51.2333	103	3  	17.0196
56 	167   	317.444    	18067.6    	1.2026   	1374.14    	47.1133	98 	1  	18.0283
57 	144   	165.085    	4861.16    	1.2026   	649.155    	47.3333	101	1  	17.2907
58 	168   	254.215    	19490.2    	1.2026   	1324.63    	46.1233	115	3  	14.9631
59 	166   	1.48468e+32	4.45405e+34	1.16874  	2.56726e+33	46.53  	103	3  	14.2367
60 	153   	193.822    	14927.9    	1.16874  	1060.11    	46.5667	93 	1  	12.6222
61 	152   	73.6091    	3788.96    	1.16874  	317        	47.3533	76 	3  	11.6808
62 	162   	1.29916e+29	3.89749e+31	1.16874  	2.24646e+30	48.49  	104	1  	12.9317
63 	167   	1090.75    	145418     	1.14685  	11817.5    	49.4133	98 	3  	13.6207
64 	171   	99.1084    	3778.51    	0.910489 	462.359    	51.2367	101	3  	13.4811
65 	166   	135.299    	4298.47    	0.912541 	555.409    	52.27  	92 	1  	14.261 
66 	164   	113.108    	6581.14    	0.902768 	597.177    	55.4733	104	3  	13.1672
67 	154   	4.44516e+30	1.33355e+33	0.870811 	7.68639e+31	57.0833	103	1  	13.1857
68 	135   	387.59     	95004      	0.88209  	5482.84    	59.1   	93 	3  	13.0421
69 	161   	339.918    	62309.4    	0.874995 	3625.41    	60.4233	106	1  	15.7217
70 	166   	171.142    	6733.69    	0.752719 	680.151    	61.4867	106	3  	15.7439
71 	175   	106.962    	11802.4    	0.752719 	741.285    	63.2733	121	3  	13.3093
72 	173   	164.285    	7560.37    	0.752719 	764.191    	64.4033	96 	5  	13.3159
73 	182   	164.473    	8863.4     	0.752719 	794.451    	64.2533	142	3  	15.8081
74 	169   	122.16     	5590.21    	0.752719 	568.008    	64.04  	115	3  	14.8633
75 	161   	118.053    	7675.96    	0.752719 	618.095    	64.3967	131	5  	13.8583
76 	166   	5.74538e+30	1.72361e+33	0.647566 	9.93469e+31	65.08  	106	5  	14.4476
77 	163   	124.355    	5078.54    	0.738254 	567.718    	67.0833	128	3  	16.7939
78 	152   	96.6861    	4749.1     	0.699201 	482.501    	69.7033	99 	3  	15.9698
79 	157   	59.1238    	2333.72    	0.348158 	241.285    	73.44  	104	5  	14.6994
80 	154   	36.8297    	1183.48    	0.336053 	141.746    	76.06  	101	5  	13.3358
81 	170   	1.52482e+32	4.57446e+34	0.348158 	2.63666e+33	76.3067	108	1  	14.945 
82 	163   	8.28869e+29	2.48661e+32	0.29096  	1.43325e+31	79.0367	132	1  	12.5215
83 	153   	109.697    	5297.88    	0.286114 	518.599    	79.81  	136	3  	12.9964
84 	179   	90.1315    	5230.03    	0.247324 	452.761    	78.4567	114	3  	14.1679
85 	137   	78.7408    	3742.66    	0.233985 	387.029    	78.54  	133	3  	15.272 
86 	153   	95.1684    	4643.04    	0.23079  	532.472    	79.4733	151	3  	14.533 
87 	162   	143.495    	21226.4    	0.23079  	1300.94    	79.4367	136	3  	14.5746
88 	170   	13865.4    	4.12002e+06	0.23079  	237466     	81.0133	141	3  	15.2796
89 	173   	134.204    	21226.4    	0.233985 	1281.1     	81.61  	145	3  	14.3654
90 	171   	88.144     	3266.29    	0.165053 	385.878    	83.28  	141	3  	17.2988
91 	163   	3.46959e+30	7.30684e+32	0.165053 	4.56985e+31	83.3933	146	3  	18.0907
92 	171   	154.876    	24142.1    	0.165053 	1431       	85.7633	140	3  	15.0395
93 	183   	2.35533e+30	7.06599e+32	0.165053 	4.07274e+31	82.1667	124	3  	18.4656
94 	167   	116.369    	13774      	0.165053 	884.74     	84.07  	124	1  	15.5054
95 	174   	205.377    	20054.6    	0.165053 	1570.55    	84.4367	138	3  	17.7846
96 	152   	175.772    	19215.6    	0.165053 	1233.59    	85.4567	147	4  	21.561 
97 	175   	1.53233e+32	4.5226e+34 	0.165053 	2.60698e+33	84.4933	133	1  	20.9915
98 	167   	9.79649e+30	2.93895e+33	0.165053 	1.69397e+32	85.73  	153	3  	19.9716
99 	161   	65.6338    	4302.86    	0.117968 	393.855    	83.3933	130	3  	19.0385
100	167   	71.0925    	6950.85    	0.117968 	480.671    	82.2167	140	1  	15.5238
101	172   	148.619    	5962.67    	0.117968 	673.074    	81.9567	130	3  	14.3153
102	149   	84.0519    	5313.51    	0.117968 	492.314    	81.8133	140	3  	14.6846
103	172   	48.3937    	3854.73    	0.117968 	280.153    	79.8667	130	7  	13.9251
104	141   	47.2655    	3152.03    	0.117968 	290.224    	80.4867	142	3  	12.5755
105	157   	63.0984    	4302.86    	0.117968 	376.361    	77.9867	142	3  	15.0911
106	187   	127.956    	5081.92    	0.117968 	585.524    	76.2733	132	5  	14.5842
107	151   	1.74049e+29	5.22148e+31	0.117968 	3.00959e+30	74.7833	131	3  	12.9062
108	166   	9.92592e+29	2.97778e+32	0.111295 	1.71635e+31	73.0467	103	3  	12.4952
109	158   	3927.98    	1.14872e+06	0.117968 	66207.8    	73.6333	126	3  	10.1996
110	175   	251.332    	51753.1    	0.117968 	3002.81    	71.6433	110	3  	12.3713
111	154   	195.116    	21680.9    	0.117968 	1503.31    	71.33  	132	3  	13.0405
112	165   	276.935    	57323.1    	0.117968 	3328.37    	70.5367	141	3  	14.6836
113	172   	3921.43    	1.14846e+06	0.117968 	66192.4    	70.18  	96 	2  	13.4749
114	179   	129.42     	24361      	0.104899 	1420.05    	71.2367	102	5  	11.1218
115	172   	2.57358e+29	7.72074e+31	0.104899 	4.45013e+30	71.1367	96 	5  	9.99256
116	152   	121.311    	4646.52    	0.104899 	600.618    	70.9967	95 	1  	11.7583
117	161   	91.9856    	7586.29    	0.104899 	558.562    	70.6967	121	5  	13.7724
118	169   	4.12259e+28	1.23678e+31	0.104899 	7.12862e+29	70.9433	123	1  	13.3319
119	163   	3973.95    	1.14816e+06	0.104899 	66173      	69.9333	102	1  	14.2263
120	153   	4170.2     	1.14872e+06	0.104899 	66265.4    	71.6867	132	1  	13.0344
121	171   	2.47955e+30	7.43864e+32	0.104899 	4.28754e+31	70.9967	126	2  	14.1019
122	180   	98.3874    	7525.79    	0.0652233	571.769    	70.8733	129	3  	14.0089
123	165   	15210.1    	4.54315e+06	0.0652233	261858     	73.1533	129	3  	12.2758
124	154   	198.98     	20309.6    	0.0652233	1522.26    	73.1733	105	5  	12.0556
125	163   	134.327    	15663.4    	0.0769531	978.248    	74.25  	108	3  	12.1104
126	161   	149903     	4.49327e+07	0.0769531	2.58986e+06	74.0633	132	3  	12.8184
127	180   	82.4074    	4596.3     	0.0769531	421.163    	74.2733	130	5  	13.0641
128	179   	3431.52    	714443     	0.0652233	43746.3    	74.8533	103	5  	12.0747
129	172   	2.47955e+30	7.43864e+32	0.0652233	4.28754e+31	75.1833	111	7  	10.9634
130	171   	2.50417e+30	7.43864e+32	0.0652233	4.28761e+31	75.7867	143	9  	11.9661
131	177   	81.6573    	3903.56    	0.0652233	389.993    	74.92  	108	3  	14.6983
132	162   	94519.9    	2.45144e+07	0.0652233	1.42107e+06	76.7933	136	3  	14.9703
133	177   	9179.57    	1.35908e+06	0.0652233	110589     	76.2867	145	3  	18.7399
134	165   	180.625    	42827      	0.0622115	2471.95    	77.8467	146	5  	15.2268
135	147   	544.179    	137335     	0.0524585	7924.91    	79.8533	146	5  	12.4255
136	177   	113.273    	7211.61    	0.0605329	583.763    	79.4733	144	3  	14.2608
137	175   	6.9122e+30 	2.07366e+33	0.0572124	1.19523e+32	79.3933	171	3  	17.1808
138	169   	99.7374    	6840.59    	0.0295125	583.758    	80.0233	111	5  	14.883 
139	146   	192.617    	22258.8    	0.0295125	1398.67    	80.8333	117	3  	14.4526
140	163   	97.0723    	4369.97    	0.0517584	476.86     	81.8   	125	4  	14.6338
141	134   	416139     	1.24808e+08	0.0507191	7.19376e+06	84.28  	150	4  	14.1989
142	152   	203.058    	13426.8    	0.0507191	1093.05    	85.9   	125	3  	15.1207
143	163   	5099.1     	1.35906e+06	0.0507191	78702.8    	88.2933	113	4  	12.017 
144	175   	5501.46    	1.6004e+06 	0.0488135	92244.2    	87.43  	112	2  	14.82  
145	159   	35.7839    	4077.74    	0.0488135	257.306    	88.51  	171	13 	13.2739
146	183   	74.2308    	5060.86    	0.0472505	460.987    	88.6367	181	5  	16.0235
147	189   	77.3543    	3764.57    	0.0472505	362.495    	89.05  	172	5  	13.0349
148	136   	135.648    	24456.9    	0.047079 	1432.19    	88.8133	118	5  	13.2767
149	156   	2.47955e+30	7.43864e+32	0.047079 	4.28754e+31	89.9267	162	7  	15.2443
150	156   	6.53458e+28	1.96037e+31	0.047079 	1.12993e+30	91.3333	160	3  	16.6576
151	194   	152.22     	7302.64    	0.0460213	700.683    	91.91  	145	2  	17.1869
152	187   	53155      	1.59093e+07	0.0449004	916984     	93.73  	169	1  	17.6734
153	153   	2.47955e+30	7.43864e+32	0.034474 	4.28754e+31	95.37  	122	6  	13.1192
154	178   	3.12534e+32	9.36871e+34	0.034474 	5.39999e+33	93.4467	122	1  	18.1227
155	161   	244946     	7.34583e+07	0.034474 	4.23404e+06	96.1133	127	20 	11.2128
156	161   	4.3313e+32 	1.299e+35  	0.034474 	7.48724e+33	93.3433	145	3  	18.2789
157	169   	1.81471e+28	5.44413e+30	0.0285934	3.13792e+29	94.6933	145	3  	16.7453
158	157   	67.02      	5074.63    	0.0233229	394.458    	95.1767	130	5  	15.2682
159	169   	2.04407e+64	6.1322e+66 	0.0202341	3.53452e+65	93.3033	175	1  	18.4526
160	160   	113.615    	21784.6    	0.0202341	1279.78    	92.6767	132	3  	16.9589
161	132   	46.9273    	5458.17    	0.0202341	348.024    	93.8967	132	5  	13.8294
162	160   	3.12428e+32	9.37283e+34	0.0202341	5.40238e+33	90.3667	155	3  	15.8934
163	167   	6.43395e+28	1.93018e+31	0.0202341	1.11253e+30	87.79  	172	3  	16.1259
164	187   	2.95772e+28	8.87315e+30	0.0202341	5.11437e+29	85.92  	121	1  	15.2397
165	161   	1.50753e+32	4.5226e+34 	0.0202341	2.60677e+33	85.9167	160	3  	14.1559
166	164   	101.442    	6552.05    	0.0202341	582.485    	86.0933	166	1  	15.1995
167	172   	186.88     	24396.2    	0.0202341	1481.99    	84.2033	161	3  	17.1235
168	155   	2.47955e+30	7.43864e+32	0.0192143	4.28754e+31	85.2767	156	2  	14.8853
169	155   	82.3477    	6962.68    	0.0192143	491.444    	84.8367	121	12 	14.0548
170	174   	6.67436e+28	2.00231e+31	0.0192143	1.15411e+30	84.2867	171	1  	17.3253
171	164   	71.7356    	5081.34    	0.0192143	441.708    	86.1467	158	3  	13.1969
172	152   	149859     	4.49339e+07	0.0181434	2.58993e+06	85.8767	160	3  	14.2701
173	167   	92.4427    	5083       	0.0181434	471.996    	85.0333	102	3  	13.8369
174	149   	138.785    	24389.6    	0.0181434	1439.99    	86.32  	130	5  	12.0708
175	166   	83.8152    	5083       	0.0181434	526.325    	86.9067	152	2  	13.384 
176	167   	41.879     	3764.57    	0.0181434	284.313    	87.3067	158	5  	15.3488
177	150   	1.51873e+28	4.55618e+30	0.0181434	2.62612e+29	88.26  	154	3  	15.6299
178	157   	1.51873e+28	4.55618e+30	0.0181434	2.62612e+29	88.73  	168	3  	15.3555
179	167   	6.43395e+28	1.93018e+31	0.0181434	1.11253e+30	86.22  	170	1  	19.9582
180	160   	450168     	1.35033e+08	0.0181434	7.78313e+06	89.19  	158	1  	12.8999
181	188   	2.25209e+30	6.75626e+32	0.0181434	3.89422e+31	87.8633	158	1  	15.9095
182	151   	1.85273e+30	5.5582e+32 	0.0181434	3.20367e+31	87.7   	161	3  	16.941 
183	144   	4678.37    	1.35392e+06	0.0173109	78044.8    	88.06  	162	3  	15.2253
184	148   	5.99262e+28	1.79779e+31	0.0173109	1.03622e+30	87.89  	105	2  	12.2316
185	176   	75.2271    	5294.15    	0.0173109	428.149    	87.59  	151	3  	14.012 
186	167   	47.1429    	2061.82    	0.0173109	225.44     	87.3767	122	3  	14.3404
187	176   	56.1478    	4121.66    	0.0173109	359.404    	87.12  	116	5  	14.052 
188	155   	1.4591e+32 	4.3773e+34 	0.0154329	2.52302e+33	87.9333	179	3  	15.7815
189	165   	13645.6    	4.04583e+06	0.0154329	233192     	88.3967	119	3  	14.5993
190	161   	8.87189e+06	2.66155e+09	0.0173109	1.53409e+08	88.3867	133	5  	15.1599
191	160   	4204.66    	1.23885e+06	0.0173109	71402.7    	90.6533	135	1  	12.3199
192	163   	2074.42    	461676     	0.0145789	27379.8    	90.9833	181	3  	15.2749
193	169   	164976     	4.49339e+07	0.0145789	2.60227e+06	91.82  	139	6  	11.4854
194	170   	9.9893e+59 	2.99679e+62	0.0145789	1.72731e+61	89.87  	118	3  	16.4091
195	163   	227.811    	47061.8    	0.0145789	2738.24    	90.5233	120	2  	15.094 
196	166   	59.1031    	3764.57    	0.0145789	340.662    	89.88  	133	5  	16.4543
197	180   	1.31591e+07	3.9477e+09 	0.0145789	2.2754e+08 	89.66  	120	2  	16.943 
198	159   	131.415    	11217.2    	0.0145789	783.644    	89.49  	168	3  	17.2967
199	160   	16970.1    	5.07027e+06	0.0145789	292240     	90.7367	129	5  	13.6541
200	176   	1.04404e+29	3.13213e+31	0.0145789	1.80532e+30	90.6867	161	1  	16.9346
--------------------------------------------------------------------------------

Best individual:
Required sequence: 2, 8, 20, 28, 50, 82, 126
Actual sequence:   1.967709967556608, 8.127836903473298, 19.7907107959404, 28.07822059188708, 49.92255742509048, 81.95058404118892, 125.83780270679853


Best algorithm: mul(add(n, add(protected_divide(sub(n, protected_divide(cos(add(n, sub(n, -1))), pi)), pi), sub(n, protected_divide(cos(add(protected_divide(n, add(cos(add(protected_divide(n, add(sub(n, sub(n, -1)), n)), sub(add(n, n), sin(protected_divide(protected_divide(add(0, pi), n), add(n, n)))))), sub(n, -1))), sub(n, -1))), protected_divide(n, add(sub(sub(n, protected_divide(cos(add(n, sub(sub(n, -1), -1))), pi)), pi), add(sub(n, sub(n, protected_divide(protected_divide(protected_divide(protected_divide(protected_divide(add(0, pi), n), add(n, n)), add(n, n)), n), n))), add(protected_divide(n, sub(n, pi)), n)))))))), n)

Failed!