   	      	                          fitness                          	              size             
   	      	-----------------------------------------------------------	-------------------------------
gen	nevals	avg        	max        	min        	std        	avg    	max	min	std    
0  	300   	4.86118e+37	4.86118e+37	4.86118e+37	9.44473e+21	3.73   	7  	2  	1.69424
1  	152   	4.86118e+37	4.86118e+37	4.86118e+37	9.44473e+21	3.67   	10 	1  	1.72078
2  	169   	4.86118e+37	4.86118e+37	4.86118e+37	9.44473e+21	3.76   	12 	1  	1.82092
3  	170   	4.86105e+37	4.86118e+37	4.83544e+37	1.67155e+34	3.77   	12 	1  	1.79549
4  	173   	4.86105e+37	4.86118e+37	4.83544e+37	1.67155e+34	3.89667	14 	1  	1.9007 
5  	159   	4.86109e+37	4.86238e+37	4.84772e+37	1.09743e+34	4.12667	18 	1  	2.23397
6  	173   	4.86095e+37	4.88848e+37	4.84772e+37	2.58056e+34	4.28   	18 	1  	2.36395
7  	170   	4.86062e+37	4.86118e+37	4.84772e+37	2.64525e+34	4.39333	18 	1  	2.52031
8  	154   	4.86018e+37	4.88709e+37	4.84772e+37	4.29788e+34	4.56333	18 	1  	2.49252
9  	142   	4.85852e+37	4.87476e+37	4.83544e+37	5.48695e+34	4.69333	18 	1  	2.50186
10 	163   	4.85589e+37	4.87476e+37	4.83544e+37	6.93047e+34	4.86333	17 	1  	2.43543
11 	153   	4.85322e+37	4.88709e+37	4.78091e+37	9.94488e+34	5.19333	17 	1  	2.31429
12 	158   	1.46263e+62	4.3879e+64 	4.83544e+37	2.52913e+63	5.11   	13 	1  	2.20406
13 	183   	8.70489e+62	5.77963e+64	4.82211e+37	6.74404e+63	5.10333	15 	1  	2.32221
14 	177   	1.46263e+62	4.3879e+64 	4.82211e+37	2.52913e+63	5.05333	16 	1  	2.19935
15 	157   	1.46263e+62	4.3879e+64 	4.82211e+37	2.52913e+63	4.86667	13 	1  	1.94308
16 	160   	4.84386e+37	4.88709e+37	4.70841e+37	1.45191e+35	4.69   	13 	1  	1.73414
17 	169   	4.8435e+37 	4.88709e+37	4.82211e+37	1.20069e+35	4.97667	16 	1  	2.11883
18 	171   	4.84398e+37	4.88709e+37	4.78091e+37	1.29071e+35	4.97667	14 	1  	2.04682
19 	164   	4.84332e+37	4.88709e+37	4.78091e+37	1.31158e+35	5.13   	15 	1  	2.31368
20 	147   	3.85309e+62	5.77963e+64	4.78091e+37	4.70329e+63	5.71   	18 	1  	2.91649
21 	169   	5.77963e+62	5.77963e+64	4.78091e+37	5.75066e+63	6.43   	15 	1  	3.31136
22 	186   	2.28673e+63	5.70426e+65	4.73415e+37	3.31913e+64	7.88667	25 	1  	4.10209
23 	173   	1.54131e+63	2.01247e+65	4.73415e+37	1.33741e+64	9.01333	27 	1  	4.61517
24 	166   	2.97184e+64	4.27421e+66	4.73415e+37	3.29803e+65	9.25333	24 	1  	4.52429
25 	156   	1.50767e+64	1.83059e+66	4.39583e+37	1.51588e+65	9.44   	39 	2  	5.16782
26 	152   	6.14274e+64	1.80672e+67	2.14063e+37	1.04141e+66	9.72667	33 	1  	5.11064
27 	177   	6.72024e+63	1.83059e+66	4.1343e+37 	1.06018e+65	9.52333	33 	1  	4.68929
28 	169   	4.81609e+66	1.44426e+69	3.16834e+37	8.32449e+67	9.36333	34 	2  	4.33566
29 	171   	1.46263e+62	4.3879e+64 	2.14063e+37	2.52913e+63	9.73333	23 	1  	3.30286
30 	157   	5.15251e+67	1.54575e+70	2.14063e+37	8.90952e+68	10.4567	26 	1  	3.60945
31 	178   	2.3563e+68 	5.59596e+70	1.91891e+37	3.33168e+69	11.57  	31 	1  	4.1213 
32 	157   	7.09885e+38	1.88266e+41	1.91891e+37	1.08553e+40	12.02  	22 	1  	3.50232
33 	178   	1.35396e+69	4.04799e+71	1.32449e+37	2.3332e+70 	12.5933	29 	1  	3.89289
34 	190   	8.3083e+39 	1.89424e+42	1.32449e+37	1.10243e+41	12.64  	34 	1  	3.82061
35 	174   	3.20621e+40	6.4153e+42 	1.90803e+37	3.86724e+41	12.7367	27 	4  	3.59546
36 	168   	4.30404e+70	1.29121e+73	1.71218e+37	7.44238e+71	12.73  	23 	1  	3.59682
37 	147   	2.75987e+40	6.4153e+42 	1.32449e+37	3.74771e+41	12.9   	28 	1  	3.46362
38 	155   	4.73357e+40	6.4153e+42 	1.32449e+37	5.24079e+41	12.9767	29 	1  	3.25619
39 	146   	1.17204e+41	2.22661e+43	5.52534e+36	1.34852e+42	13.2333	24 	1  	3.37128
40 	159   	7.25979e+40	6.4153e+42 	4.38392e+36	6.24991e+41	13.24  	26 	1  	3.92204
41 	171   	2.67205e+41	6.35354e+43	5.52534e+36	3.69465e+42	13.8833	26 	2  	3.64734
42 	163   	4.87522e+41	1.34222e+44	3.52222e+36	7.74385e+42	14.41  	40 	1  	4.76815
43 	184   	5.28015e+40	7.96788e+42	3.52222e+36	5.59075e+41	14.87  	31 	4  	4.15609
44 	171   	3.35822e+41	9.14855e+43	3.52222e+36	5.28052e+42	14.97  	27 	1  	4.11045
45 	160   	1.04659e+41	2.44403e+43	3.52222e+36	1.42794e+42	15.06  	31 	1  	4.88362
46 	147   	1.91941e+42	3.67576e+44	3.52222e+36	2.27679e+43	15.5067	34 	4  	4.59383
47 	148   	1.80759e+42	4.86706e+44	3.50852e+36	2.80878e+43	16.1067	30 	3  	4.34994
48 	174   	1.91621e+42	4.23174e+44	3.50852e+36	2.55669e+43	16.5333	34 	4  	4.83758
49 	145   	5.675e+40  	1.23285e+43	3.50852e+36	7.26481e+41	17.2967	35 	4  	4.42892
50 	163   	1.88346e+40	3.28764e+42	2.45531e+36	2.24806e+41	17.7233	33 	2  	4.42494
51 	202   	6.2877e+41 	1.34222e+44	1.54463e+36	7.98845e+42	18.78  	39 	1  	5.39799
52 	177   	1.25101e+40	3.28764e+42	5.43653e+35	1.89766e+41	18.9933	51 	4  	5.87934
53 	148   	2.33867e+42	6.92976e+44	5.43653e+35	3.99416e+43	19.7633	55 	3  	6.09541
54 	165   	4.7206e+40 	1.11441e+43	5.43653e+35	6.47446e+41	20.5333	58 	1  	7.01871
55 	156   	4.09309e+40	1.11441e+43	5.43653e+35	6.43152e+41	20.7867	58 	3  	6.92155
56 	174   	2.37724e+43	5.86838e+45	5.43653e+35	3.4076e+44 	21.25  	73 	1  	7.52955
57 	165   	5.01387e+40	9.29222e+42	5.43653e+35	5.65605e+41	21.7833	57 	1  	6.36734
58 	160   	1.52199e+42	4.22416e+44	5.43653e+35	2.4385e+43 	22.4733	46 	1  	5.87786
59 	142   	9.39736e+40	1.47127e+43	4.60183e+35	1.00014e+42	23.39  	49 	4  	5.73915
60 	152   	1.23886e+42	3.20706e+44	2.40278e+35	1.85486e+43	24.1633	46 	4  	6.15494
61 	164   	1.50309e+42	3.56446e+44	2.40278e+35	2.10776e+43	24.7833	52 	4  	7.40696
62 	175   	1.27618e+42	3.56446e+44	2.40278e+35	2.05654e+43	25.26  	45 	4  	6.92862
63 	160   	6.47927e+40	9.86626e+42	2.40278e+35	7.26529e+41	25.8067	56 	4  	7.68609
64 	168   	4.93828e+38	1.19192e+41	2.40278e+35	6.88906e+39	26.8067	60 	1  	8.55274
65 	176   	1.92803e+42	3.56446e+44	2.40278e+35	2.39824e+43	28.4167	58 	1  	10.0251
66 	181   	1.24194e+42	3.56446e+44	4.27215e+34	2.05526e+43	30.3033	64 	1  	10.8832
67 	168   	1.58502e+40	4.00479e+42	4.27215e+34	2.32135e+41	32.13  	62 	2  	10.1252
68 	184   	7.66929e+41	2.15809e+44	4.27215e+34	1.24632e+43	32.5733	68 	4  	10.9474
69 	180   	9.07406e+38	2.56709e+41	4.27215e+34	1.47952e+40	32.78  	66 	1  	10.1347
70 	150   	3.83718e+40	6.47368e+42	4.27215e+34	4.2895e+41 	33.0067	68 	3  	9.90892
71 	172   	3.96885e+39	4.42706e+41	4.27215e+34	3.48476e+40	33.4233	59 	2  	8.39151
72 	149   	1.24769e+42	3.74194e+44	4.27215e+34	2.1568e+43 	33.63  	64 	2  	8.91365
73 	171   	1.18661e+42	3.49299e+44	4.27215e+34	2.01355e+43	34.1067	62 	4  	8.27458
74 	165   	6.68986e+40	1.03574e+43	4.27215e+34	8.15517e+41	34.8267	64 	1  	9.10659
75 	142   	4.07743e+40	9.67405e+42	4.27215e+34	5.6688e+41 	34.7233	70 	1  	9.20363
76 	148   	1.45586e+39	2.77542e+41	4.27215e+34	1.658e+40  	36.4433	66 	3  	8.5006 
77 	155   	3.22716e+40	9.67405e+42	4.27215e+34	5.57599e+41	36.63  	68 	1  	9.35306
78 	159   	6.83846e+41	2.03234e+44	4.27215e+34	1.1714e+43 	36.9167	74 	4  	9.37317
79 	156   	2.41065e+40	5.70157e+42	4.27215e+34	3.39698e+41	36.8933	69 	1  	10.0337
80 	153   	6.77498e+41	2.03234e+44	4.27215e+34	1.17141e+43	37.6933	63 	1  	8.65752
81 	169   	1.90518e+40	5.70157e+42	4.27215e+34	3.28629e+41	38.48  	61 	4  	7.66352
82 	152   	7.49699e+41	2.24896e+44	4.27215e+34	1.29627e+43	37.6433	69 	4  	9.87907
83 	172   	6.16257e+40	6.41491e+42	4.27215e+34	6.00904e+41	37.9667	70 	3  	10.4434
84 	156   	6.97537e+37	5.52002e+39	4.27215e+34	4.27921e+38	38.6267	69 	4  	9.22355
85 	158   	1.00107e+39	2.71836e+41	4.27215e+34	1.56929e+40	38.7767	75 	7  	8.29539
86 	170   	2.45236e+40	5.70157e+42	4.27215e+34	3.39476e+41	37.6933	63 	1  	9.4113 
87 	166   	8.94046e+38	1.47366e+41	4.27215e+34	1.04601e+40	37.6767	69 	3  	9.8047 
88 	151   	1.46878e+40	3.91615e+42	4.27215e+34	2.26325e+41	38.93  	74 	4  	9.09057
89 	161   	2.21486e+40	6.41491e+42	4.27215e+34	3.69811e+41	38.14  	61 	1  	9.04731
90 	175   	6.77614e+41	2.03234e+44	4.27215e+34	1.17141e+43	37.8967	70 	1  	10.0793
91 	158   	2.82818e+40	8.14855e+42	4.27215e+34	4.69874e+41	38.3633	70 	3  	9.1665 
92 	181   	6.22802e+39	1.49405e+42	4.27215e+34	8.71917e+40	37.7233	75 	1  	10.2186
93 	155   	7.50315e+41	2.24896e+44	4.27215e+34	1.29627e+43	38.06  	72 	4  	8.8308 
94 	148   	3.47202e+40	6.47156e+42	4.27215e+34	4.35338e+41	38.31  	70 	4  	9.08041
95 	160   	7.2078e+41 	2.02918e+44	4.27215e+34	1.17029e+43	37.48  	67 	1  	9.65486
96 	170   	7.05534e+41	2.11349e+44	4.27215e+34	1.21819e+43	36.9467	78 	1  	10.7324
97 	167   	7.02176e+41	2.03234e+44	4.27215e+34	1.17176e+43	37.96  	71 	4  	8.96019
98 	170   	1.37911e+40	3.96138e+42	4.27215e+34	2.285e+41  	38.0833	76 	1  	9.02827
99 	162   	2.70541e+41	7.15741e+43	4.27215e+34	4.14252e+42	37.5133	64 	1  	9.18821
100	165   	4.06219e+38	1.0634e+41 	4.27215e+34	6.13909e+39	38.2533	72 	2  	8.97715
101	171   	1.49417e+39	2.71836e+41	4.27215e+34	1.8389e+40 	37.4267	76 	1  	10.0865
102	167   	1.45879e+39	2.71836e+41	4.27215e+34	1.68933e+40	37.7967	70 	2  	9.29347
103	173   	4.19631e+40	6.41491e+42	4.27215e+34	4.91974e+41	37.78  	70 	1  	9.80977
104	165   	3.2557e+37 	2.25072e+39	4.27215e+34	1.70008e+38	37.15  	73 	3  	10.3235
105	165   	7.82342e+41	2.24896e+44	4.27215e+34	1.29669e+43	37.1767	69 	3  	9.7761 
106	168   	9.97136e+38	2.83604e+41	4.27215e+34	1.63462e+40	38.1367	66 	3  	8.14318
107	155   	5.60432e+38	1.54871e+41	4.27215e+34	8.93042e+39	37.7233	61 	2  	8.71322
108	156   	2.00447e+37	7.20614e+38	4.27215e+34	6.48617e+37	37.9267	63 	1  	8.39094
109	161   	2.91458e+37	2.33754e+39	4.27215e+34	1.66498e+38	38.1367	66 	1  	9.04312
110	163   	1.44911e+42	2.24558e+44	4.27215e+34	1.743e+43  	37.8267	76 	5  	10.2158
111	158   	3.79614e+40	5.64901e+42	4.27215e+34	4.58275e+41	37.6133	72 	1  	9.06994
112	158   	2.01876e+40	6.04538e+42	4.27215e+34	3.48446e+41	38.2033	69 	1  	8.78077
113	187   	1.82751e+39	2.78683e+41	4.27215e+34	2.18734e+40	37.7   	73 	1  	9.34684
114	169   	1.18814e+39	2.19687e+41	4.27215e+34	1.42478e+40	37.7233	69 	2  	9.60035
115	171   	1.97023e+40	3.91615e+42	4.27215e+34	2.41858e+41	38.1033	69 	2  	9.39819
116	174   	7.49703e+41	2.24896e+44	4.27215e+34	1.29627e+43	37.4333	61 	4  	9.16873
117	160   	5.78484e+39	1.49405e+42	4.27215e+34	8.6535e+40 	37.89  	67 	2  	8.76306
118	154   	2.06275e+40	5.70157e+42	4.27215e+34	3.29112e+41	37.61  	61 	4  	9.28321
119	154   	4.04596e+40	6.41491e+42	4.27215e+34	4.93856e+41	37.57  	76 	4  	9.49483
120	181   	1.37552e+42	2.03234e+44	4.27215e+34	1.6526e+43 	38.05  	69 	4  	9.67785
121	164   	3.64775e+39	1.07799e+42	4.27215e+34	6.21327e+40	37.1267	71 	1  	10.3813
122	160   	5.87444e+40	6.04538e+42	4.27215e+34	5.78939e+41	38.2267	70 	4  	9.5681 
123	165   	2.04404e+40	5.70157e+42	4.27215e+34	3.29298e+41	37.4067	73 	2  	10.3522
124	144   	5.55515e+40	5.70157e+42	4.27215e+34	5.08067e+41	37.4667	68 	3  	9.44399
125	172   	7.15324e+38	1.38574e+41	4.27215e+34	8.33348e+39	37.3733	69 	1  	10.3244
126	164   	7.54717e+41	2.24896e+44	4.27215e+34	1.29627e+43	37.46  	71 	3  	9.53913
127	188   	1.41881e+40	3.96138e+42	4.27215e+34	2.2885e+41 	37.6067	69 	4  	9.20862
128	166   	6.4286e+39 	1.51993e+42	4.27215e+34	8.92786e+40	37.6033	64 	4  	8.60422
129	168   	6.58738e+41	1.97535e+44	4.27215e+34	1.13856e+43	38.0333	70 	4  	8.93936
130	138   	8.85086e+38	2.58571e+41	4.27215e+34	1.49032e+40	38.9767	76 	4  	8.0616 
131	168   	2.11223e+40	6.04538e+42	4.27215e+34	3.48771e+41	37.6167	59 	1  	8.99609
132	158   	7.85488e+41	2.24896e+44	4.27215e+34	1.2968e+43 	37.5167	71 	1  	11.0165
133	161   	6.83265e+41	2.03234e+44	4.27215e+34	1.17141e+43	37.4   	61 	1  	10.0972
134	169   	5.62409e+61	1.68723e+64	4.27215e+34	9.72496e+62	38.3733	63 	4  	9.41102
135	152   	7.34309e+39	1.51155e+42	4.27215e+34	8.94641e+40	38.31  	78 	3  	10.2314
136	160   	7.73776e+41	2.24896e+44	4.27215e+34	1.29658e+43	37.0933	77 	4  	10.8344
137	156   	5.26143e+39	1.27946e+42	4.27215e+34	7.45905e+40	37.6967	73 	4  	9.4628 
138	165   	8.36787e+38	2.19687e+41	4.27215e+34	1.26741e+40	37.5267	75 	2  	9.54512
139	172   	4.36127e+37	6.88314e+39	4.27215e+34	4.02256e+38	37.1367	74 	5  	10.1195
140	159   	5.56331e+37	9.47716e+39	4.27215e+34	5.53445e+38	37.3267	77 	1  	9.25527
141	176   	6.99547e+41	2.03234e+44	4.27215e+34	1.17175e+43	37.35  	59 	1  	8.91408
142	171   	2.47887e+40	6.47156e+42	4.27215e+34	3.73868e+41	37.78  	75 	1  	9.55885
143	154   	4.22526e+38	1.13907e+41	4.27215e+34	6.56579e+39	37.38  	68 	3  	8.85601
144	168   	3.23943e+41	8.38758e+43	4.27215e+34	4.86056e+42	37.6267	63 	2  	8.92229
145	176   	2.22154e+39	2.83604e+41	4.27215e+34	2.04933e+40	37.9533	74 	3  	9.35367
146	160   	1.23642e+39	1.91858e+41	4.27215e+34	1.45097e+40	37.3   	60 	3  	8.4461 
147	157   	2.46488e+40	5.70157e+42	4.27215e+34	3.3979e+41 	38.1733	66 	4  	8.14145
148	139   	1.90573e+40	5.70157e+42	4.27215e+34	3.28628e+41	38.2667	63 	1  	7.89866
149	173   	4.78152e+67	1.43446e+70	4.27215e+34	8.26802e+68	38.6367	67 	4  	8.76877
150	156   	8.28445e+39	1.51155e+42	4.27215e+34	9.25166e+40	37.88  	69 	4  	8.8094 
151	167   	2.5315e+40 	6.04538e+42	4.27215e+34	3.59002e+41	37.86  	65 	4  	8.47548
152	157   	6.82569e+41	2.03234e+44	4.27215e+34	1.17142e+43	37.2533	59 	3  	8.98717
153	158   	1.05444e+39	2.19687e+41	4.27215e+34	1.36188e+40	37.3633	59 	1  	9.04201
154	169   	1.8907e+40 	5.53577e+42	4.27215e+34	3.19088e+41	37.58  	66 	2  	9.49686
155	169   	6.99939e+41	2.03234e+44	4.27215e+34	1.17188e+43	37.46  	62 	1  	9.15324
156	161   	7.51187e+39	2.1955e+42 	4.27215e+34	1.26561e+41	38.6933	64 	5  	8.06552
157	164   	2.95722e+40	6.47156e+42	4.27215e+34	3.92574e+41	38.2   	67 	4  	8.87844
158	159   	1.86288e+39	2.78683e+41	4.27215e+34	2.18834e+40	37.85  	61 	4  	9.73041
159	163   	6.99102e+41	2.03234e+44	4.27215e+34	1.17188e+43	37.7133	61 	2  	9.44587
160	186   	2.84567e+40	6.47156e+42	4.27215e+34	3.81715e+41	38.6133	74 	2  	10.1313
161	145   	2.30909e+40	6.47156e+42	4.27215e+34	3.73402e+41	38.09  	79 	3  	9.35567
162	172   	1.70952e+40	1.51993e+42	4.27215e+34	1.52218e+41	38.3333	75 	4  	9.90163
163	167   	1.8253e+39 	2.58571e+41	4.27215e+34	1.76761e+40	37.2833	80 	4  	10.2887
164	152   	7.28373e+37	7.2445e+39 	4.27215e+34	5.86856e+38	38.5067	80 	2  	8.82251
165	166   	9.02586e+38	2.58571e+41	4.27215e+34	1.49025e+40	38.3867	90 	1  	9.53575
166	161   	6.92396e+37	9.47716e+39	4.27215e+34	5.75945e+38	38.2367	69 	4  	7.83203
167	158   	7.78067e+41	2.24896e+44	4.27215e+34	1.29667e+43	37.98  	81 	1  	10.1541
168	170   	2.50399e+40	5.70157e+42	4.27215e+34	3.40149e+41	37.24  	69 	3  	9.43941
169	162   	7.09738e+41	2.03234e+44	4.27215e+34	1.17191e+43	36.6533	67 	4  	10.4623
170	150   	1.98161e+40	5.93638e+42	4.27215e+34	3.42164e+41	38.2133	65 	3  	8.19072
171	193   	7.76316e+41	2.24896e+44	4.27215e+34	1.29668e+43	37.6867	68 	4  	9.12625
172	157   	1.91366e+40	5.70157e+42	4.27215e+34	3.28625e+41	37.3467	68 	4  	9.69088
173	154   	3.34146e+40	6.04538e+42	4.27215e+34	4.1595e+41 	37.5933	69 	1  	10.6352
174	170   	1.42157e+40	3.96138e+42	4.27215e+34	2.28849e+41	37.6233	69 	1  	9.01119
175	172   	2.66815e+40	6.4768e+42 	4.27215e+34	3.83059e+41	37.2933	58 	1  	9.12947
176	194   	3.34461e+37	3.63913e+39	4.27215e+34	2.15537e+38	36.9433	70 	1  	9.75945
177	162   	1.3718e+38 	2.92269e+40	4.27215e+34	1.6916e+39 	38.22  	64 	4  	9.45471
178	156   	2.21743e+40	6.47156e+42	4.27215e+34	3.7311e+41 	37.9833	73 	4  	8.81304
179	179   	7.64586e+41	2.24896e+44	4.27215e+34	1.29639e+43	38.0233	63 	3  	9.84561
180	170   	1.2248e+40 	3.66887e+42	4.27215e+34	2.11468e+41	37.39  	70 	1  	9.88591
181	176   	5.93883e+38	1.63618e+41	4.27215e+34	9.4343e+39 	36.6733	63 	3  	9.80102
182	166   	1.907e+40  	5.70157e+42	4.27215e+34	3.28628e+41	37.1767	60 	2  	9.10598
183	179   	6.83491e+41	2.03234e+44	4.27215e+34	1.17141e+43	37.1367	74 	1  	9.65943
184	178   	2.24196e+40	6.47156e+42	4.27215e+34	3.73079e+41	38.5767	70 	4  	8.50201
185	143   	1.99663e+39	3.16008e+41	4.27215e+34	2.03635e+40	38.5233	61 	4  	8.06904
186	163   	6.40713e+37	8.63381e+39	4.27215e+34	5.4857e+38 	37.25  	62 	4  	9.49671
187	182   	4.18086e+37	2.17642e+39	4.27215e+34	1.97541e+38	37.26  	73 	1  	9.79893
188	169   	1.73485e+39	2.58571e+41	4.27215e+34	2.04423e+40	37.84  	71 	6  	9.09035
189	159   	1.45134e+39	4.23242e+41	4.27215e+34	2.43935e+40	38.0767	73 	1  	9.15155
190	174   	7.63646e+41	2.24896e+44	4.27215e+34	1.29639e+43	38.2133	65 	4  	9.40573
191	175   	2.50177e+40	6.70793e+42	4.27215e+34	3.87243e+41	38.3367	82 	4  	9.23454
192	161   	2.08063e+39	4.02887e+41	4.27215e+34	2.56943e+40	37.7167	65 	1  	9.44827
193	177   	4.2949e+38 	1.13907e+41	4.27215e+34	6.56586e+39	37.72  	71 	3  	9.82556
194	164   	7.68744e+41	2.24896e+44	4.27215e+34	1.29656e+43	37.8233	75 	1  	9.81761
195	149   	1.52899e+39	2.83604e+41	4.27215e+34	1.89693e+40	37.3133	76 	4  	9.3146 
196	162   	1.42756e+42	2.24896e+44	4.27215e+34	1.74424e+43	37.47  	72 	1  	9.80862
197	158   	7.98149e+38	2.19687e+41	4.27215e+34	1.26654e+40	37.62  	72 	3  	9.61746
198	168   	7.62141e+39	1.51155e+42	4.27215e+34	9.0523e+40 	38.3733	68 	2  	8.52842
199	197   	1.56725e+39	2.83604e+41	4.27215e+34	1.88561e+40	36.98  	69 	2  	10.0449
200	178   	3.76056e+40	5.70823e+42	4.27215e+34	4.09246e+41	37.0567	72 	4  	10.5565
--------------------------------------------------------------------------------

Best individual:
Required sequence: 3, 5, 17, 257, 65537, 4294967297, 18446744073709551617
Actual sequence:   0, 12786153184751892, 190705991478128576, -48772351883478000, 198100373136521664, -160853287067540960, 18005131527028037632


Best algorithm: protected_divide(mul(n, mul(add(mul(mul(sin(cos(mul(n, mul(mul(sin(cos(sin(cos(n)))), n), mul(n, mul(pi, mul(sin(-1), n))))))), n), mul(sin(cos(n)), n)), n), add(n, n))), sin(pi))

Failed!