   	      	                      fitness                      	              size             
   	      	---------------------------------------------------	-------------------------------
gen	nevals	avg        	max        	min    	std        	avg    	max	min	std    
0  	300   	1153.48    	18834.5    	12     	1075.98    	3.71333	7  	2  	1.58045
1  	170   	916.995    	1521.5     	12     	256.237    	3.85333	12 	1  	1.74121
2  	166   	803.28     	5388.08    	12     	431.19     	4.52667	12 	1  	1.96705
3  	176   	673.626    	5033.51    	10.3084	500.052    	5.18333	14 	1  	2.22929
4  	176   	1401.01    	55930      	10.3084	5810.62    	5.69667	14 	1  	2.32622
5  	171   	5.59367e+31	1.6781e+34 	10.3084	9.67236e+32	5.68   	15 	1  	2.22357
6  	182   	1109.8     	41491      	9.63571	5732.42    	5.70667	15 	1  	2.18036
7  	153   	849.108    	55930      	9.63571	5248.35    	5.61667	15 	1  	2.36003
8  	158   	1611.03    	55930      	9.63571	7724.37    	5.51667	16 	1  	2.42   
9  	144   	2.59939e+31	7.79816e+33	9.63571	4.49476e+32	5.92667	20 	2  	2.67481
10 	172   	2.26703e+31	6.80109e+33	9.63571	3.92006e+32	6.86333	17 	2  	2.84452
11 	165   	1971.05    	55922.1    	9.51699	8641.83    	7.70667	18 	2  	2.85668
12 	174   	2781.2     	56072      	9.29079	10474.6    	8.80333	20 	1  	2.81626
13 	171   	1284.84    	55910.2    	9.51699	6973.44    	9.37333	19 	1  	2.51276
14 	155   	1460.32    	55922.1    	8.76267	7686       	9.76333	18 	1  	2.25699
15 	167   	1816.23    	88396      	8.76267	9417.98    	10.1533	21 	1  	2.38394
16 	181   	2160.31    	55886      	8.76267	9238.87    	10.2867	22 	1  	2.77209
17 	148   	1183.52    	55922.1    	8.76267	7273.19    	10.28  	22 	2  	2.49431
18 	155   	11850.7    	3.08584e+06	8.76267	177972     	10.59  	23 	1  	2.80391
19 	166   	1738.26    	72426.3    	8.76267	8932.13    	10.78  	20 	1  	2.66801
20 	166   	1046.61    	72408.2    	8.76267	7176.83    	11.2767	29 	1  	3.29041
21 	178   	2292.59    	72408.2    	8.76267	10621.5    	11.4467	28 	1  	3.529  
22 	165   	1645.7     	91069.4    	8.3147 	9104.34    	11.24  	28 	2  	3.49033
23 	168   	1570.68    	72362.3    	8.3147 	8388.45    	10.9033	23 	1  	3.12314
24 	146   	526.393    	41519.4    	8.76267	4131.17    	10.38  	26 	1  	2.8721 
25 	161   	392.534    	41519.4    	8.76267	3383.81    	10.3567	21 	1  	2.59797
26 	163   	466.531    	55930      	8.76267	4020.77    	10.2833	22 	1  	2.42137
27 	178   	645.665    	41545.9    	8.76267	4303.9     	10.23  	21 	1  	2.61351
28 	164   	545.164    	41519.4    	8.76267	4130.2     	10.1133	24 	1  	2.65339
29 	164   	541.281    	41572.9    	8.76267	4133.32    	10.14  	19 	1  	2.38336
30 	174   	577.174    	41519.4    	8.76267	4135.75    	10.09  	19 	1  	2.58751
31 	178   	845.162    	41558.1    	8.76267	5309.89    	10.1467	17 	5  	2.0877 
32 	155   	904.97     	41567.6    	8.76267	5316.92    	9.91   	17 	1  	2.27784
33 	165   	1.57375e+29	4.72125e+31	8.76267	2.72127e+30	10.13  	18 	2  	2.37903
34 	176   	586.905    	41519.4    	8.76267	4147.62    	9.99333	18 	1  	2.48595
35 	147   	968.652    	41519.4    	8.76267	5805.93    	10.12  	20 	2  	2.14451
36 	170   	1737.37    	41519.4    	8.76267	7778.06    	9.99333	20 	1  	2.19696
37 	167   	1153.27    	41538.7    	8.76267	6221.09    	9.95   	20 	1  	2.63581
38 	174   	1074.58    	72431.3    	8.76267	6723.17    	10.1333	22 	5  	2.51573
39 	171   	683.067    	41519.4    	8.76267	4454.04    	10.0867	21 	1  	2.61645
40 	185   	937.925    	41519.4    	8.60523	5552.35    	10.0833	22 	1  	2.87687
41 	161   	686.06     	41519.4    	8.60523	4758.71    	10.3667	20 	4  	2.52168
42 	154   	13063.1    	3.80297e+06	8.60523	219202     	10.18  	23 	3  	2.40574
43 	146   	734.574    	41544.8    	8.60523	4770.81    	10.46  	23 	3  	2.81574
44 	168   	813.296    	41519.4    	8.60523	5306.34    	11.1567	30 	3  	3.7406 
45 	165   	677.36     	41544.8    	8.55707	4762.66    	11.65  	26 	1  	4.12563
46 	168   	355.422    	51581.4    	3.87386	3053.87    	12.83  	33 	1  	4.85878
47 	165   	881.907    	55867.3    	2.94657	5727.94    	13.8233	26 	1  	4.87361
48 	168   	255.949    	41519.4    	2.24518	2407.66    	15.4867	34 	1  	5.44945
49 	166   	259.485    	41544.8    	1.39032	2411.79    	17.16  	34 	1  	6.01119
50 	139   	431.27     	55890.1    	1.39032	4011.2     	18.79  	39 	1  	6.25294
51 	185   	556.482    	45082.8    	1.35648	4251.72    	19.98  	40 	5  	6.07011
52 	168   	2273.59    	551738     	1.35648	32010.7    	21.22  	46 	2  	6.7984 
53 	157   	602.978    	59142.5    	1.35648	4963.49    	22.7767	64 	5  	7.12227
54 	168   	471.03     	59178.2    	1.15919	4265.45    	25.14  	60 	1  	7.57719
55 	163   	261.787    	44884.7    	1.15919	2618.4     	26.1367	54 	1  	6.6991 
56 	160   	9.74823e+32	2.92447e+35	1.15919	1.68563e+34	26.65  	54 	1  	7.16804
57 	156   	2.1936e+30 	6.58079e+32	1.15919	3.79308e+31	25.98  	48 	4  	6.63372
58 	153   	100.578    	3770.53    	1.12205	369.008    	25.6267	52 	3  	6.69781
59 	178   	594941     	1.78434e+08	1.12205	1.02847e+07	25.2333	56 	1  	6.90064
60 	171   	811.467    	59892.6    	1.12205	6072.18    	24.9933	53 	2  	7.29749
61 	160   	767.084    	59700.2    	1.12205	5882.03    	26.6167	49 	2  	7.82196
62 	170   	359.61     	44942.7    	1.12205	3422.2     	28.35  	54 	10 	7.53619
63 	180   	505.979    	59131.4    	1.12205	4261.49    	29.45  	57 	12 	7.60926
64 	162   	494.83     	59754.9    	1.12205	4860.95    	30.57  	63 	1  	8.65092
65 	163   	481.701    	52284.5    	1.12205	4170.47    	31.01  	54 	1  	7.68092
66 	182   	91.2983    	1874.33    	1.12205	308.235    	31.48  	54 	2  	8.27826
67 	184   	431.779    	45004.8    	1.12205	3696.4     	31.7467	62 	1  	8.67924
68 	152   	527.108    	52424.9    	1.12205	4382.14    	32.8367	54 	1  	7.94292
69 	187   	150.148    	9892.69    	1.12205	689.859    	33.51  	56 	11 	7.86489
70 	171   	603.116    	59628.9    	1.12205	5309.52    	33.69  	61 	4  	7.7115 
71 	170   	215.698    	38536.9    	1.12205	2247.65    	35.2867	60 	13 	6.83212
72 	166   	281.303    	44585.1    	1.12205	2692.7     	35.31  	54 	1  	7.52732
73 	158   	391.561    	44981.5    	1.12205	3358.87    	36.03  	56 	13 	6.75197
74 	182   	397.516    	50011.2    	1.12205	3856.1     	35.97  	61 	9  	7.30222
75 	181   	186.435    	35378.3    	1.12205	2063.59    	35.7633	61 	13 	7.46418
76 	145   	454.359    	44481.7    	1.12205	3787.29    	35.9   	60 	14 	7.32598
77 	186   	261.138    	49945.1    	1.12205	2895.92    	36.3267	59 	4  	6.79019
78 	176   	403.458    	76575.6    	1.12205	4491.33    	36.1567	58 	13 	6.53953
79 	148   	413.002    	59188.2    	1.12205	4280.1     	36.1633	63 	1  	8.65082
80 	158   	254.644    	44981.5    	1.12205	2620.52    	36.4533	58 	13 	7.35444
81 	177   	300.871    	35378.3    	1.12205	2442.51    	36.0733	78 	5  	7.97086
82 	162   	101.557    	6751.02    	1.12205	559.681    	36.0867	62 	13 	7.53121
83 	171   	185.482    	21893.9    	1.12205	1385.83    	36.1633	60 	2  	6.77766
84 	160   	131.912    	13871.2    	1.12205	906.293    	35.71  	60 	1  	7.42199
85 	166   	129.762    	13173.9    	1.12205	854.551    	36.1633	58 	17 	6.07481
86 	148   	503.41     	49945.1    	1.12205	4645.63    	35.86  	58 	1  	7.67032
87 	155   	81.1191    	4405.88    	1.12205	353.557    	36.35  	74 	3  	7.39465
88 	151   	38.6325    	1163.64    	1.12205	184.147    	36.0833	63 	2  	7.59362
89 	164   	376.038    	59188.2    	1.12205	3902.84    	36.32  	58 	3  	7.17154
90 	164   	570.851    	59654.8    	1.12205	4946.77    	36.29  	60 	3  	6.62464
91 	148   	266.408    	44521.1    	1.12205	2659.58    	35.7033	56 	3  	6.96338
92 	172   	251.178    	49945.1    	1.12205	2888.17    	35.7767	58 	1  	8.08085
93 	160   	207.326    	45897.8    	1.12205	2651.38    	35.91  	60 	10 	6.5789 
94 	174   	91.6892    	6751.02    	1.12205	466.506    	35.49  	58 	4  	7.61511
95 	159   	453.941    	49945.1    	1.12205	3955.17    	35.4633	61 	3  	7.54643
96 	150   	2466.9     	713792     	1.12205	41138.3    	35.85  	56 	1  	7.22363
97 	170   	224.001    	44521.1    	1.12205	2585.39    	35.5967	52 	5  	7.28107
98 	179   	235.418    	35378.3    	1.12205	2123.02    	35.7833	55 	3  	7.38939
99 	153   	247.392    	33200.6    	1.12205	2069.22    	35.8633	61 	1  	7.72041
100	146   	201.187    	44521.1    	1.12205	2575.37    	36.2033	61 	9  	6.43496
101	166   	429.244    	59139.3    	1.12205	4262.75    	35.7833	63 	10 	8.18798
102	160   	97.245     	10724.3    	1.12205	695.39     	35.6033	54 	7  	6.99662
103	150   	317.591    	67094.7    	1.12205	3910.74    	36.4067	63 	13 	6.41726
104	173   	596.408    	45897.8    	1.12205	4606.69    	36.09  	58 	13 	6.57484
105	161   	457.9      	49945.1    	1.12205	3993.43    	35.5833	54 	5  	7.33187
106	164   	104.359    	6656.77    	1.12205	520.714    	35.8267	60 	3  	7.04485
107	155   	396.815    	45781.9    	1.12205	3110.82    	36.3033	63 	13 	6.77874
108	161   	163.647    	13173.9    	1.12205	913.111    	36.0733	63 	1  	7.21258
109	157   	73.3266    	3013.39    	1.12205	296.847    	36.3033	58 	3  	7.09352
110	157   	350.767    	59188.2    	1.12205	3564.91    	36.1167	72 	13 	6.82322
111	194   	438.359    	49945.1    	1.12205	3913.87    	36.01  	58 	8  	7.02495
112	160   	269.906    	59187.9    	1.12205	3418.3     	36.0533	57 	3  	7.71301
113	166   	136.318    	15451.8    	1.12205	960.262    	36.1033	76 	8  	7.43859
114	174   	289.927    	44521.1    	1.12205	2697.77    	35.58  	61 	7  	7.18124
115	145   	294.863    	33200.6    	1.12205	2726.08    	35.9033	61 	2  	6.9537 
116	184   	186.031    	21893.9    	1.12205	1390.67    	35.6633	63 	13 	7.97517
117	154   	281.468    	45949.6    	1.12205	2691.51    	35.8233	59 	3  	7.29009
118	167   	346.741    	60502.6    	1.12205	3564.11    	35.61  	60 	1  	8.39392
119	199   	346.157    	33200.6    	1.12205	2333.47    	36.2167	56 	10 	7.3514 
120	179   	88.1724    	5087.22    	1.12205	385.816    	35.5733	58 	3  	7.26714
121	176   	1908.48    	551188     	1.12205	31766.9    	35.1033	60 	1  	8.00162
122	163   	185.554    	35378.3    	1.12205	2084.75    	36.5233	63 	13 	7.11122
123	174   	341.948    	44981.5    	1.12205	3214.92    	35.9133	56 	3  	6.48376
124	181   	227.225    	35378.3    	1.12205	2140.62    	35.5067	55 	13 	6.84422
125	181   	280.538    	59654.8    	1.12205	3452.17    	35.51  	57 	1  	7.86193
126	152   	126.033    	21893.9    	1.12205	1278.69    	35.5567	58 	1  	7.72615
127	164   	166.707    	13282.6    	1.12205	921.598    	35.9167	57 	1  	6.81149
128	173   	279.826    	33200.6    	1.12205	2226.16    	35.7433	60 	6  	8.16481
129	155   	142.75     	21863      	1.12205	1281.21    	36.3733	62 	1  	7.44629
130	154   	295.065    	44521.1    	1.12205	2738.75    	35.68  	62 	9  	7.56599
131	179   	296.956    	59654.8    	1.12205	3487.83    	36.1633	61 	14 	6.83642
132	176   	322.443    	59188.2    	1.12205	3518.11    	35.8767	58 	13 	6.80305
133	187   	422.319    	44981.5    	1.12205	3684.97    	35.87  	55 	9  	6.8639 
134	179   	257.69     	45875.8    	1.12205	2719.74    	35.6333	55 	1  	7.27774
135	148   	290.881    	44521.1    	1.12205	2684.77    	36.1367	68 	1  	7.00271
136	148   	252.081    	45781.9    	1.12205	2672.28    	36.06  	56 	1  	6.85101
137	153   	269.07     	49945.1    	1.12205	2981.29    	35.9733	52 	2  	6.67328
138	183   	402.686    	59188.2    	1.12205	3888.84    	35.5267	62 	1  	7.722  
139	156   	359.842    	45897.8    	1.12205	3113.42    	36.5167	62 	8  	7.66658
140	146   	297.42     	32962.7    	1.12205	2332.04    	36.6267	60 	5  	7.28061
141	172   	4502.82    	1.21792e+06	1.12205	70278.1    	35.6233	58 	7  	7.51985
142	161   	303.767    	44521.1    	1.12205	2863.6     	36.4967	60 	13 	5.44824
143	156   	75.7649    	6751.02    	1.12205	452.834    	35.9033	59 	9  	6.85619
144	167   	612.078    	45897.8    	1.12205	4615.73    	36.0933	60 	12 	6.95207
145	178   	689.059    	59794.5    	1.12205	5535.72    	35.62  	58 	2  	7.11259
146	167   	359.343    	43517.8    	1.12205	3202.6     	35.8167	56 	1  	7.28352
147	150   	232.931    	44981.5    	1.12205	2612.34    	36.3567	61 	4  	6.73123
148	121   	42.4654    	1860.92    	1.12205	218.611    	36.45  	54 	13 	5.74115
149	172   	692.781    	45897.8    	1.12205	4974.7     	35.82  	62 	2  	7.55078
150	170   	192.847    	13173.9    	1.12205	1147.13    	35.9533	53 	3  	6.46615
151	173   	355.755    	45781.9    	1.12205	3358.63    	35.7833	62 	2  	7.43167
152	160   	138.114    	13282.6    	1.12205	875.01     	35.9133	62 	12 	7.00708
153	172   	500.257    	59654.8    	1.12205	4846.59    	35.6833	56 	14 	6.82469
154	149   	415.073    	45897.8    	1.12205	3755.83    	36.68  	70 	13 	7.00744
155	168   	1056.64    	72503.9    	1.12205	6686.31    	35.97  	61 	3  	7.62949
156	165   	226.659    	33165.8    	1.12205	2088.94    	36.3033	57 	14 	7.03074
157	184   	256.79     	13871.2    	1.12205	1486.62    	35.4467	66 	1  	8.25432
158	143   	415.614    	49914.8    	1.12205	3561.61    	35.08  	61 	1  	7.72271
159	164   	287.288    	44521.1    	1.12205	2866.71    	34.8733	55 	1  	7.77457
160	168   	388.535    	49945.1    	1.12205	3910.65    	35.9367	60 	3  	6.999  
161	164   	131.873    	21814.6    	1.12205	1277.67    	35.9833	58 	13 	7.13651
162	169   	138.316    	13910      	1.12205	886.086    	35.6133	54 	1  	7.15429
163	168   	69.1759    	1889.79    	1.12205	287.696    	35.6667	60 	2  	7.07217
164	154   	504.669    	44521.1    	1.12205	3790.01    	36.2933	54 	13 	5.91219
165	149   	206.801    	44521.1    	1.12205	2573.84    	36.72  	53 	13 	5.72028
166	179   	392.844    	49945.1    	1.12205	3602.35    	35.5667	63 	7  	7.91152
167	180   	410.075    	44981.5    	1.12205	3527.88    	35.2333	57 	3  	7.62314
168	161   	458.789    	59188.2    	1.12205	4064.13    	35.65  	60 	10 	6.98814
169	163   	815.547    	156471     	1.12205	9428.27    	35.83  	62 	10 	7.16667
170	158   	455.336    	59188.2    	1.12205	4314.04    	36.07  	59 	1  	7.41654
171	167   	580.246    	59188.2    	1.12205	4524.15    	35.56  	54 	6  	6.89877
172	166   	414.129    	59188.2    	1.12205	4042.57    	35.9967	56 	13 	6.36789
173	169   	385.649    	35378.3    	1.12205	3073.16    	36.0633	55 	2  	6.86387
174	171   	568.706    	59654.8    	1.12205	4764.11    	36.41  	55 	4  	6.80308
175	152   	374.963    	33200.6    	1.12205	2565.09    	36.1533	61 	4  	7.06516
176	137   	262.233    	59654.8    	1.12205	3450.76    	35.7167	55 	2  	7.38803
177	162   	277.135    	44981.5    	1.12205	2698.27    	36.03  	58 	11 	7.0192 
178	165   	727.199    	44999.9    	1.12205	5110.02    	36.04  	62 	6  	6.81506
179	141   	62.4564    	6677.87    	1.12205	428.287    	36.3833	56 	4  	6.20562
180	174   	335.808    	45897.8    	1.12205	2994.06    	36.5033	60 	3  	7.11501
181	184   	325.493    	45781.9    	1.12205	2880.11    	36.1167	58 	13 	6.92072
182	157   	100.45     	9866.83    	1.12205	664.834    	36.2567	62 	1  	7.16967
183	129   	130.202    	13175.8    	1.12205	855.717    	36.1533	63 	12 	6.21583
184	155   	471.717    	59654.8    	1.12205	4868.48    	35.7033	58 	1  	6.866  
185	173   	504.858    	59654.8    	1.12205	4343.64    	36.0933	57 	1  	7.24048
186	177   	525.248    	59654.8    	1.12205	4447.44    	36.27  	56 	13 	6.64859
187	163   	195.327    	35378.3    	1.12205	2066.13    	36.3533	56 	12 	6.50706
188	158   	98.7903    	6677.87    	1.12205	464.998    	36.1567	59 	6  	7.57752
189	177   	366.331    	33200.6    	1.12205	2792.19    	35.2033	62 	3  	8.18466
190	181   	395.906    	45897.8    	1.12205	3387.56    	35.4733	59 	2  	7.90249
191	164   	71.2935    	1469.85    	1.12205	267.151    	34.6133	56 	1  	7.91057
192	184   	295.637    	49945.1    	1.12205	3076.84    	34.7967	62 	3  	8.24108
193	179   	291.157    	45771.6    	1.12205	2690.38    	35.23  	60 	3  	8.05753
194	172   	424.93     	49945.1    	1.12205	3975.67    	36.1933	55 	14 	6.31844
195	181   	168.909    	13196.2    	1.12205	1105.18    	35.39  	57 	1  	7.30054
196	170   	548.247    	49945.1    	1.12205	4319.9     	35.7233	64 	2  	7.81964
197	165   	87.3684    	4388.64    	1.12205	387.68     	34.99  	62 	1  	7.8373 
198	167   	639.059    	165957     	1.12205	9570.8     	35.8067	54 	3  	7.00352
199	175   	181.111    	13282.6    	1.12205	1164.67    	36.03  	56 	3  	7.2431 
200	158   	186.013    	35378.3    	1.12205	2050.88    	36.2367	63 	13 	7.43151
--------------------------------------------------------------------------------

Best individual:
Required sequence: 1, 3, 7, 13, 31, 37, 43, 67, 73, 79, 127, 151, 163
Actual sequence:   1, 5, 7, 13, 31, 37, 43, 69, 84, 91, 128, 151, 157


Best algorithm: sub(mul(n, add(n, neg(cos(add(n, add(n, -1)))))), cos(add(add(-1, -1), add(n, neg(cos(mul(n, add(n, neg(cos(neg(cos(add(n, add(add(n, add(n, n)), pi))))))))))))))

Failed!