   	      	                      fitness                      	              size             
   	      	---------------------------------------------------	-------------------------------
gen	nevals	avg        	max        	min    	std        	avg    	max	min	std    
0  	300   	4.18818e+29	1.25646e+32	12     	7.24205e+30	3.63   	7  	2  	1.58528
1  	167   	936.852    	1657.79    	12     	274.327    	4.01333	10 	1  	1.78134
2  	140   	5.66757e+30	1.70027e+33	12     	9.80015e+31	4.16333	13 	1  	1.84119
3  	182   	840.697    	41491      	12     	2451.42    	4.35333	11 	1  	1.92747
4  	164   	1108.6     	42360.1    	12     	5248.58    	4.59667	12 	1  	2.07058
5  	163   	2305.37    	142275     	12     	11831.2    	4.83333	12 	1  	2.06694
6  	175   	2088.35    	43386      	12     	8476.75    	4.75667	12 	1  	1.93153
7  	171   	1600.3     	41491      	12     	7386.56    	4.44667	11 	1  	1.81489
8  	158   	1116.34    	41491      	12     	5955.82    	4.2    	11 	3  	1.67332
9  	166   	1460.59    	41491      	12     	7060.66    	3.91333	11 	1  	1.46486
10 	168   	875.86     	41491      	12     	5316.27    	3.81333	10 	1  	1.41368
11 	179   	1828.97    	41491      	12     	8108.94    	3.76333	10 	1  	1.3394 
12 	154   	2.22258e+29	6.66773e+31	12     	3.8432e+30 	3.78667	13 	1  	1.54957
13 	160   	1297.19    	41491      	11.9182	6682.9     	3.74333	12 	1  	1.51574
14 	159   	1260.18    	41491      	11.9182	6672.67    	3.73   	10 	1  	1.42493
15 	184   	596.275    	41491      	11.9182	4139.9     	3.75   	13 	1  	1.54515
16 	174   	100807     	3.01019e+07	11.9182	1.73501e+06	3.64   	11 	1  	1.35292
17 	163   	42266.6    	1.21189e+07	11.9182	698460     	3.90333	11 	1  	1.48346
18 	157   	9.72147e+31	2.91644e+34	9.82861	1.681e+33  	4      	11 	1  	1.61658
19 	168   	3452.59    	660211     	9.82861	38562.8    	4.19   	10 	1  	1.54507
20 	155   	1146.64    	41567.6    	9.82861	6263.79    	4.80667	12 	1  	1.86796
21 	162   	957.584    	41567.6    	9.82861	5804.2     	5.37333	12 	1  	1.86386
22 	171   	2082.55    	55835      	9.82861	8680.28    	6.13667	13 	1  	1.86851
23 	172   	2427.47    	41765.5    	9.82861	9307.81    	6.73333	13 	1  	1.77451
24 	159   	2251.18    	43386      	9.82861	9055.39    	7.03333	12 	1  	1.85622
25 	166   	12440.7    	2.97505e+06	8.53425	171603     	7.85333	14 	1  	2.00628
26 	158   	11406.3    	2.97505e+06	8.53425	171571     	8.24667	16 	1  	2.11325
27 	141   	2137.16    	55850.5    	8.53425	8993.91    	8.27333	18 	1  	1.9846 
28 	169   	2276.97    	41557.6    	8.53425	9030.9     	8.30667	17 	1  	1.956  
29 	170   	1786.28    	41557.6    	8.53425	8124.73    	8.44   	21 	1  	2.27297
30 	175   	594261     	1.77621e+08	8.53425	1.02377e+07	8.54333	21 	1  	2.55763
31 	185   	2459.12    	55835      	8.53425	9591.95    	9.09   	21 	1  	2.76078
32 	180   	12219.3    	2.97517e+06	8.53425	171606     	9.9    	21 	1  	3.52467
33 	161   	1001.68    	41563.6    	8.53425	5818.66    	10.61  	20 	3  	3.36718
34 	171   	10773.2    	2.97517e+06	8.53425	171518     	11.8033	22 	3  	3.44064
35 	175   	2341.85    	72455.8    	8.53425	9633.72    	12.5267	23 	1  	3.54062
36 	174   	11158.6    	2.97505e+06	8.53425	171537     	12.88  	23 	3  	3.47452
37 	161   	697.949    	41578.2    	8.53425	4798.76    	13.1367	25 	5  	3.06996
38 	156   	1478.08    	162307     	8.53425	10969.8    	13.3467	29 	1  	3.05502
39 	171   	10997.9    	2.97517e+06	8.53425	171537     	13.2967	25 	1  	3.59379
40 	153   	871.382    	41743.4    	8.53425	5359.98    	13.4967	27 	3  	3.68917
41 	149   	1005.96    	41563.6    	8.53425	5693.06    	13.4867	25 	1  	3.62167
42 	177   	732.205    	41563.6    	8.53425	4814.38    	14.25  	25 	5  	3.54695
43 	155   	849.006    	41563.6    	8.53425	4984.43    	14.2633	29 	1  	4.21276
44 	151   	737.464    	41726.3    	8.53425	4787.83    	14.9333	33 	5  	4.33154
45 	152   	698.477    	41563.6    	8.53425	4816.55    	15.3233	29 	5  	4.29404
46 	159   	1382.6     	290858     	8.53425	17107.8    	16.0933	37 	3  	4.75093
47 	140   	540.995    	41563.6    	8.53425	4184.98    	16.42  	33 	1  	4.70924
48 	156   	1371.53    	290340     	8.53425	17064.4    	16.97  	33 	2  	4.82933
49 	178   	595.364    	41563.6    	8.53425	4196.4     	17.83  	34 	1  	5.02405
50 	172   	2.22258e+29	6.66773e+31	8.53425	3.8432e+30 	18.0367	45 	3  	5.60732
51 	152   	743.5      	41563.6    	8.53425	4854.05    	18.4   	36 	5  	5.74166
52 	158   	1829.2     	504118     	8.53425	29059.1    	19.3133	45 	2  	6.15969
53 	161   	2085.86    	504118     	8.05229	29235.6    	19.37  	40 	1  	5.61543
54 	154   	95427.5    	2.82555e+07	8.05229	1.62863e+06	20.05  	40 	5  	6.00951
55 	158   	394.898    	41558.7    	8.05229	3472.35    	21.04  	60 	2  	6.62458
56 	159   	292878     	3.01042e+07	8.05229	2.87393e+06	21.39  	49 	1  	6.85502
57 	168   	100318     	2.82555e+07	8.05229	1.62909e+06	22.2433	48 	1  	7.8382 
58 	172   	5258.85    	504141     	8.05229	50150.5    	23.6   	53 	5  	8.6764 
59 	143   	3877.92    	551311     	8.05229	43095.4    	25.83  	52 	2  	9.01486
60 	171   	207133     	2.9706e+07 	8.05229	2.36455e+06	28.1767	61 	1  	9.72345
61 	166   	1539.49    	399025     	8.05229	23114.6    	29.27  	59 	5  	9.16354
62 	157   	5.87069e+06	1.76118e+09	7.85873	1.01512e+08	29.7867	64 	5  	9.20441
63 	170   	94983      	2.82558e+07	7.85873	1.62861e+06	29.6933	59 	2  	9.41803
64 	173   	114.798    	10804.8    	7.85873	761.59     	29.87  	65 	3  	8.58641
65 	163   	8699.43    	1.9733e+06 	7.85873	118001     	29.8   	63 	5  	8.41507
66 	151   	1674.83    	372393     	7.85873	21963.3    	28.8167	62 	2  	8.48939
67 	140   	210.364    	41454.1    	7.85873	2404.14    	28.5433	51 	3  	7.42214
68 	181   	8834.43    	2.16325e+06	7.85873	126743     	28.24  	62 	3  	8.66424
69 	167   	269.543    	58407.6    	7.85873	3379.65    	28.2167	59 	4  	9.37637
70 	186   	222.545    	18840.2    	7.85873	1465.84    	28.6   	56 	5  	8.99185
71 	164   	2103.05    	600894     	7.85873	34636.4    	29.34  	63 	4  	8.26384
72 	177   	1547.6     	294076     	7.85873	17606.7    	30.66  	82 	1  	10.0451
73 	169   	271.915    	41501.5    	7.85873	2564.14    	31.4067	56 	2  	9.01931
74 	199   	101.08     	6347       	7.85873	534.874    	31.8433	81 	2  	9.6867 
75 	153   	1174.76    	294213     	7.85873	17116.1    	32.15  	58 	3  	9.39614
76 	189   	5.66757e+30	1.70027e+33	7.85873	9.80015e+31	32.4667	61 	1  	9.23159
77 	150   	4057.48    	551539     	7.85873	39528.1    	33.1267	67 	1  	9.2688 
78 	181   	546.44     	72460.2    	7.85873	4879.04    	32.4967	58 	3  	9.82666
79 	148   	1099.75    	294076     	7.85873	16983.1    	33.0367	66 	5  	9.56915
80 	143   	1930.63    	551539     	7.85873	31788.5    	33.41  	65 	1  	9.24312
81 	171   	98077.8    	2.82569e+07	7.85873	1.62904e+06	33.4867	60 	5  	8.93774
82 	153   	95210.1    	2.82598e+07	7.85873	1.62888e+06	33.12  	63 	1  	9.92265
83 	177   	2109.45    	551539     	7.85873	31881.7    	32.1   	60 	1  	9.76234
84 	157   	146.524    	19350.4    	7.85873	1210.69    	34.01  	66 	1  	8.67928
85 	165   	94382.9    	2.82569e+07	7.85873	1.62868e+06	33.4267	63 	1  	9.59364
86 	158   	5.81485e+06	1.74443e+09	7.85873	1.00547e+08	34.6933	64 	5  	9.24406
87 	158   	182.826    	41501.5    	7.85873	2412.41    	34.7533	66 	5  	9.20865
88 	177   	2.22258e+29	6.66773e+31	7.85873	3.8432e+30 	34.75  	64 	5  	8.9473 
89 	167   	11199      	2.9747e+06 	4.54728	172253     	35.57  	64 	5  	8.73757
90 	177   	11918.4    	2.9747e+06 	7.85873	173005     	34.6833	67 	3  	10.0706
91 	176   	101725     	3.04543e+07	7.85873	1.75534e+06	34.7733	64 	4  	9.17762
92 	171   	103565     	3.04542e+07	7.85873	1.75551e+06	35.0133	70 	1  	10.2849
93 	149   	5.91653e+06	1.74443e+09	7.85873	1.00556e+08	34.8133	66 	1  	9.12242
94 	192   	12649.4    	3.08509e+06	7.85873	180992     	33.7633	69 	3  	10.9612
95 	169   	100564     	3.01027e+07	7.85873	1.73507e+06	34.8167	68 	1  	10.3532
96 	172   	216.334    	41501.5    	7.85873	2456.04    	34.0467	56 	4  	10.1455
97 	164   	12139.1    	2.97467e+06	7.85873	174279     	35.93  	61 	5  	8.78513
98 	174   	101373     	3.0105e+07 	7.85873	1.73524e+06	35.41  	66 	6  	9.5297 
99 	178   	200910     	3.01061e+07	7.85873	2.44979e+06	36.2833	67 	3  	8.82967
100	169   	60.7032    	2400.01    	7.85873	269.105    	35.8833	71 	3  	10.6813
101	157   	5.91532e+06	1.74443e+09	7.85873	1.00556e+08	36.11  	74 	3  	10.2903
102	168   	269.874    	41501.5    	7.85873	2506.18    	37.3   	69 	3  	9.73191
103	139   	100372     	3.01027e+07	7.85873	1.73508e+06	37.2933	58 	5  	8.42935
104	154   	102763     	3.04542e+07	7.85873	1.75535e+06	37.61  	74 	3  	10.9775
105	185   	6.01685e+06	1.74443e+09	7.85873	1.00565e+08	37.02  	68 	5  	10.589 
106	166   	376.575    	41557.6    	7.85873	3438.89    	36.2533	66 	2  	11.1536
107	146   	102738     	3.07575e+07	7.85873	1.77281e+06	37.21  	70 	1  	10.1011
108	164   	6.45441e+06	1.75858e+09	4.54728	1.01844e+08	37.2167	73 	3  	11.2022
109	185   	5.87099e+06	1.76119e+09	7.85873	1.01512e+08	36.3133	85 	5  	11.1341
110	159   	43.6631    	6194.79    	7.85873	375.169    	36.7033	59 	3  	9.15434
111	153   	101416     	3.04065e+07	7.85873	1.75259e+06	37.1367	75 	1  	9.96952
112	171   	202.286    	41501.5    	7.85873	2460.76    	37.5167	66 	5  	8.89436
113	173   	3.50998e+08	1.04736e+11	7.85873	6.03677e+09	37.8467	71 	5  	8.68772
114	159   	1.17416e+07	1.76119e+09	7.85873	1.4332e+08 	36.91  	62 	1  	9.46583
115	148   	114.319    	9213.16    	7.85873	741.298    	37.5233	74 	5  	9.96775
116	188   	602180     	1.77619e+08	7.85873	1.02386e+07	36.48  	73 	2  	10.7522
117	177   	496.34     	41501.5    	7.85873	4160.43    	36.8067	66 	5  	9.21933
118	153   	5.96352e+06	1.75858e+09	7.85873	1.01372e+08	37.53  	73 	1  	9.89086
119	184   	201726     	3.04065e+07	7.85873	2.46206e+06	36.09  	59 	5  	9.6872 
120	168   	5.97577e+06	1.75858e+09	7.85873	1.01372e+08	37.2867	74 	4  	10.2416
121	152   	592093     	1.77619e+08	7.85873	1.02377e+07	37.7733	74 	5  	9.94126
122	143   	705091     	1.77619e+08	7.85873	1.03851e+07	37.2033	78 	1  	11.001 
123	143   	592437     	1.77619e+08	7.85873	1.02377e+07	37.7133	75 	5  	9.96249
124	170   	694897     	1.77617e+08	7.85873	1.0384e+07 	37.8   	73 	2  	10.4054
125	144   	176.891    	41501.5    	7.85873	2401.34    	39.0833	79 	5  	9.93561
126	154   	244.384    	41501.5    	7.85873	2539.98    	39.2233	78 	6  	11.1391
127	180   	3.53957e+07	1.06187e+10	7.85873	6.12047e+08	39.7867	78 	3  	12.1648
128	170   	1.24277e+07	1.76161e+09	7.85873	1.43551e+08	41.4033	78 	2  	10.7512
129	170   	1280.94    	323487     	4.54728	18790      	41.1533	78 	5  	11.415 
130	165   	1.75962e+07	1.76008e+09	4.54728	1.75076e+08	41.5333	79 	5  	10.6237
131	171   	204968     	3.07435e+07	4.54728	2.5015e+06 	41.3533	82 	3  	12.8943
132	154   	6.45919e+06	1.76008e+09	4.54728	1.0193e+08 	41.6   	80 	4  	12.2627
133	158   	5.97248e+06	1.76161e+09	4.54728	1.01546e+08	41.6033	100	1  	13.3758
134	178   	5.87221e+06	1.75858e+09	4.54728	1.01362e+08	41.6267	80 	3  	14.9715
135	178   	3.49119e+08	1.04675e+11	4.54728	6.03333e+09	40.12  	80 	1  	15.845 
136	162   	1.2331e+07 	1.76161e+09	3.22035	1.43603e+08	36.8367	79 	2  	15.7074
137	161   	1.13775e+07	1.76486e+09	2.08917	1.31406e+08	30.81  	70 	1  	12.3737
138	189   	7.10829e+08	1.05071e+11	2.08917	8.53373e+09	29.59  	75 	1  	11.1221
139	166   	6.98499e+08	1.04873e+11	2.08917	8.52614e+09	28.9333	61 	1  	9.76297
140	171   	5.87342e+06	1.75873e+09	2.08917	1.01371e+08	30.1567	62 	1  	10.5662
141	159   	1.53961e+11	3.97112e+13	2.08918	2.31691e+12	30.6   	60 	1  	9.38474
142	175   	6.99123e+08	1.04863e+11	2.08918	8.53264e+09	30.9933	76 	5  	11.1818
143	148   	38885.7    	1.15492e+07	2.08918	665668     	33.1833	65 	1  	9.74729
144	168   	9.60688e+11	2.88206e+14	2.08918	1.66118e+13	34.3933	73 	5  	11.3304
145	174   	9.76507e+11	2.88205e+14	2.08918	1.66131e+13	34.8467	72 	5  	11.7222
146	163   	9.6072e+11 	2.88205e+14	2.08918	1.66118e+13	35.23  	74 	1  	11.5518
147	167   	2.56218e+09	6.45078e+11	2.08918	3.75823e+10	33.3467	69 	1  	13.0138
148	152   	9.60699e+11	2.88209e+14	2.08918	1.6612e+13 	32.8933	69 	1  	11.8851
149	169   	3.54163e+07	1.06248e+10	2.08915	6.12401e+08	31.31  	82 	3  	11.9806
150	145   	2.52477e+10	4.1399e+12 	2.08915	3.0947e+11 	30.4067	74 	1  	11.0545
151	157   	1.58272e+10	4.74663e+12	2.08879	2.73589e+11	31.1367	61 	5  	8.30209
152	152   	3.75919e+09	6.45081e+11	2.08879	4.63021e+10	31.0767	78 	1  	10.361 
153	169   	3.45535e+08	9.30018e+10	1.78392	5.39333e+09	31.82  	61 	3  	8.01338
154	169   	3.15912e+08	9.30089e+10	1.32678	5.36152e+09	33.0067	63 	5  	8.36301
155	176   	1.3987e+11 	3.97107e+13	1.32678	2.28936e+12	33.0633	61 	1  	9.84848
156	188   	3.54718e+08	1.04844e+11	1.32678	6.04343e+09	33.48  	61 	3  	9.29065
157	166   	1.30648e+12	3.9193e+14 	1.32678	2.25904e+13	33.52  	61 	3  	10.6023
158	171   	4.30648e+09	6.45126e+11	1.32678	5.2498e+10 	34.84  	65 	3  	10.1453
159	152   	3.15065e+08	9.30018e+10	1.32678	5.36092e+09	37.6733	81 	3  	8.91814
160	174   	5.08477e+15	1.52543e+18	1.32678	8.79238e+16	39.3567	71 	7  	9.12375
161	167   	1.11228e+15	1.54558e+17	1.32678	1.2649e+16 	40.0433	67 	1  	10.1595
162	166   	3.18111e+15	7.97306e+17	1.32678	4.67816e+16	41.4033	86 	5  	10.491 
163	162   	2.34103e+10	6.36727e+12	1.32678	3.68755e+11	41.76  	63 	5  	9.35392
164	163   	3.20066e+17	9.60199e+19	1.32678	5.53447e+18	42.1733	76 	5  	9.69243
165	179   	6.4118e+17 	9.60199e+19	1.32678	7.81374e+18	42.2933	83 	2  	10.356 
166	177   	9.30929e+16	2.79279e+19	1.32678	1.60973e+18	42.7967	83 	5  	10.9216
167	153   	2.05476e+19	6.06826e+21	1.32678	3.49792e+20	42.4733	72 	5  	10.4088
168	156   	3.20066e+17	9.60199e+19	1.32678	5.53447e+18	43.1333	85 	5  	9.26547
169	168   	2.02275e+19	6.06826e+21	1.23448	3.49767e+20	42.1033	82 	1  	11.3871
170	167   	3.20066e+17	9.60199e+19	1.23448	5.53447e+18	42.64  	67 	5  	8.50825
171	172   	8.11235e+15	1.52543e+18	1.28091	9.52133e+16	43.4267	82 	1  	9.61412
172	150   	3.20066e+17	9.60199e+19	1.28091	5.53447e+18	43.2133	82 	5  	9.89416
173	173   	9.87011e+16	2.79279e+19	1.18625	1.61183e+18	42.9967	83 	6  	9.94066
174	155   	1.5138e+15 	4.54138e+17	1.18625	2.61759e+16	43.25  	83 	4  	10.2571
175	165   	4.08076e+19	6.06826e+21	1.18625	4.93819e+20	42.8367	72 	3  	10.3848
176	164   	3.39433e+16	9.72885e+18	1.18625	5.61282e+17	43.4667	69 	2  	9.61989
177	162   	1.01695e+16	1.52543e+18	1.18625	1.24135e+17	43.96  	85 	3  	11.3686
178	153   	2.03722e+15	4.54138e+17	1.18625	2.76219e+16	46.26  	83 	7  	11.8442
179	186   	7.36016e+15	1.52543e+18	1.18625	9.33341e+16	47.8833	107	5  	14.9328
180	172   	1.5138e+15 	4.54138e+17	1.18625	2.61759e+16	49.3333	77 	1  	12.8565
181	152   	1.28027e+18	3.8408e+20 	1.18625	2.21379e+19	52.3033	93 	7  	13.5003
182	158   	3.80295e+16	9.72885e+18	1.18625	5.67355e+17	51.4333	108	2  	14.1694
183	161   	2.02275e+19	6.06826e+21	1.18625	3.49767e+20	50.1033	89 	5  	13.5619
184	177   	2.02679e+19	6.06826e+21	1.18625	3.49765e+20	49.08  	79 	1  	12.5356
185	152   	3.34432e+13	9.87412e+15	1.18625	5.69175e+14	48.1167	77 	5  	11.3497
186	156   	2.05476e+19	6.06826e+21	1.18625	3.49792e+20	47.3867	76 	3  	11.6526
187	177   	4.28246e+19	6.06826e+21	1.18625	4.94923e+20	45.1667	93 	3  	12.9938
188	185   	4.49234e+19	6.06826e+21	1.18625	4.96477e+20	45.9933	77 	5  	10.6855
189	158   	2.02275e+19	6.06826e+21	1.18625	3.49767e+20	46.1867	77 	1  	10.3389
190	184   	6.72562e+17	9.60199e+19	1.18625	7.83126e+18	46.1867	78 	5  	10.6018
191	157   	3.20066e+17	9.60199e+19	1.18625	5.53447e+18	45.67  	75 	5  	10.4225
192	156   	1.28424e+21	3.84657e+23	1.18625	2.2171e+22 	46.44  	77 	5  	9.91328
193	172   	2.02275e+19	6.06826e+21	1.18625	3.49767e+20	45.9733	92 	5  	11.0109
194	156   	2.02275e+19	6.06826e+21	1.18625	3.49767e+20	46.88  	79 	5  	10.3389
195	148   	6.49286e+16	9.72885e+18	1.18625	7.917e+17  	46.6867	91 	2  	10.1906
196	189   	2.05714e+19	6.06826e+21	1.18625	3.49791e+20	45.8567	91 	5  	11.662 
197	142   	5.15194e+14	1.54558e+17	1.18625	8.90854e+15	46.2133	84 	1  	11.3772
198	172   	3.24295e+16	9.72885e+18	1.18625	5.60759e+17	45.5833	92 	5  	12.5053
199	167   	2.04948e+18	6.14843e+20	1.18625	3.54388e+19	45.9333	91 	1  	11.7091
200	171   	2.05811e+19	6.06826e+21	1.18625	3.4979e+20 	46.2067	90 	5  	11.6506
--------------------------------------------------------------------------------

Best individual:
Required sequence: 1, 3, 7, 13, 31, 37, 43, 67, 73, 79, 127, 151, 163
Actual sequence:   2, 3, 8, 15, 29, 38, 43, 66, 88, 91, 120, 153, 170


Best algorithm: add(mul(n, n), mul(cos(mul(cos(mul(n, sub(n, mul(mul(mul(mul(n, mul(mul(n, mul(n, n)), mul(n, n))), mul(mul(n, mul(mul(n, -1), n)), n)), n), pi)))), mul(n, mul(mul(n, mul(n, n)), mul(n, n))))), n))

Failed!