   	      	                          fitness                          	              size             
   	      	-----------------------------------------------------------	-------------------------------
gen	nevals	avg        	max        	min     	std        	avg    	max	min	std    
0  	300   	8.63907e+30	1.93364e+33	359.083 	1.1761e+32 	3.59667	7  	2  	1.48346
1  	178   	3356.79    	6826.75    	359.083 	750.734    	3.83333	9  	1  	1.53587
2  	156   	2893.8     	12415.6    	68.5714 	1186.1     	4.43667	11 	1  	1.80166
3  	157   	2.02699e+32	6.08097e+34	68.5714 	3.505e+33  	5.20333	12 	1  	2.02204
4  	161   	3320.44    	201897     	20.9926 	16545.7    	5.72667	14 	1  	2.13977
5  	177   	3684.54    	374315     	20.9926 	24741.9    	6.29   	16 	1  	2.21493
6  	154   	2133.36    	180323     	20.9926 	11897.9    	6.95   	18 	1  	2.69212
7  	155   	4704.34    	600388     	20.9926 	38523.5    	7.89   	21 	3  	3.07754
8  	158   	1578.8     	103295     	20.9926 	7833.36    	8.64333	17 	2  	3.18268
9  	156   	7568.99    	581767     	20.9926 	53612.4    	9.17333	19 	1  	3.64554
10 	160   	8781.71    	715169     	20.9926 	52673.4    	9.95   	25 	1  	4.1329 
11 	155   	8591.97    	715169     	20.9926 	50251.4    	10.9   	23 	2  	4.19325
12 	132   	5927.93    	715169     	20.9926 	45565.6    	11.7267	27 	3  	3.96719
13 	169   	8037.11    	711892     	20.9926 	53246.4    	12.2833	30 	3  	4.40413
14 	153   	5373.85    	726989     	20.9926 	44891      	12.6267	29 	2  	4.37043
15 	155   	3.48747e+32	1.04624e+35	15.2431 	6.03039e+33	12.8067	35 	2  	4.29526
16 	166   	12478.9    	711892     	15.2431 	61722.7    	12.9733	23 	1  	4.43238
17 	169   	3883.42    	438429     	15.2431 	28236.7    	13.2367	25 	1  	4.11752
18 	156   	4882.8     	285483     	19.444  	25331.4    	13.77  	32 	1  	4.40043
19 	149   	8151.54    	711892     	19.444  	47878.8    	13.95  	30 	2  	4.66771
20 	175   	7422.76    	252895     	19.4431 	31273.8    	14.3233	30 	1  	4.60059
21 	159   	4.44516e+30	1.33355e+33	19.4431 	7.68639e+31	14.5833	32 	1  	4.59526
22 	158   	2587.18    	148388     	18.3171 	14874.3    	15.4467	34 	2  	4.68407
23 	169   	4.50388e+29	1.35117e+32	18.3171 	7.78795e+30	15.82  	34 	1  	5.40687
24 	184   	7232.7     	711892     	18.3171 	59791.8    	16.1067	40 	2  	5.3624 
25 	172   	5716.8     	709424     	16.7735 	44766.5    	15.9567	40 	2  	5.37601
26 	161   	3251.19    	158834     	16.7735 	18500.2    	16.2533	40 	1  	5.38168
27 	163   	2095.05    	137871     	11.3535 	13169.3    	16.3033	40 	1  	5.35581
28 	156   	6849.12    	709424     	11.3535 	59042.1    	16.94  	40 	1  	5.5967 
29 	167   	1197.11    	137482     	11.3535 	8270.64    	17.81  	40 	1  	5.28021
30 	167   	3.17511e+28	9.52533e+30	11.3535 	5.49028e+29	17.6533	42 	1  	5.70086
31 	179   	2334.72    	157585     	11.3535 	15294      	17.94  	40 	1  	5.82378
32 	172   	3.17511e+28	9.52533e+30	9.91113 	5.49028e+29	18.83  	41 	1  	6.24669
33 	154   	4.44516e+29	6.66773e+31	9.58519 	5.426e+30  	19.24  	35 	5  	6.11357
34 	188   	3.17511e+28	9.52533e+30	7.79299 	5.49028e+29	20.0967	42 	1  	6.59399
35 	155   	3.17511e+28	9.52533e+30	7.79299 	5.49028e+29	20.0367	39 	1  	6.13313
36 	176   	1864.11    	161729     	9.58519 	13642.8    	20.14  	44 	4  	6.64232
37 	149   	2.22258e+29	6.66773e+31	9.58519 	3.8432e+30 	21.2   	44 	4  	7.13209
38 	146   	3007.43    	223208     	7.66285 	20741.7    	21.9233	42 	5  	7.18592
39 	167   	2.54009e+29	6.66773e+31	9.58519 	3.8804e+30 	22.0967	44 	2  	8.02708
40 	156   	2.61947e+29	6.66773e+31	7.66285 	3.8823e+30 	23.53  	48 	4  	7.7401 
41 	176   	9.84285e+29	6.66773e+31	7.66285 	7.69524e+30	23.5   	46 	3  	8.24277
42 	187   	2.61947e+29	6.66773e+31	9.3405  	3.8823e+30 	22.75  	43 	3  	7.8039 
43 	178   	1395.81    	157643     	9.3405  	11047.1    	22.1167	49 	3  	7.71555
44 	150   	4.66741e+30	1.33355e+33	8.99192 	7.69471e+31	22     	49 	3  	8.56349
45 	169   	9.33483e+30	1.33355e+33	3.09441 	1.08619e+32	21.0167	48 	3  	8.35163
46 	185   	1.85108e+27	5.55323e+29	3.09441 	3.20081e+28	20.9467	48 	3  	9.23167
47 	174   	1.19067e+29	1.66693e+31	3.09441 	1.36278e+30	22.3333	57 	3  	9.7657 
48 	175   	2393.8     	158577     	3.09441 	16180.5    	23.9867	55 	3  	10.9429
49 	171   	5.55645e+28	1.66693e+31	3.09441 	9.60799e+29	25.8733	65 	1  	11.5131
50 	178   	1.48746e+32	4.45405e+34	3.09441 	2.56724e+33	27.2   	66 	3  	11.2392
51 	155   	26143.8    	6.26377e+06	3.09441 	365225     	28.2333	57 	1  	11.3113
52 	171   	4.44516e+30	1.33355e+33	3.09441 	7.68639e+31	27.9267	57 	3  	11.2185
53 	153   	1993.94    	172105     	3.09441 	15022.7    	26.37  	59 	1  	11.3299
54 	170   	3.59336e+31	1.07801e+34	3.09441 	6.2135e+32 	23.1433	53 	1  	9.36604
55 	175   	4.80423e+27	1.44127e+30	2.52123 	8.30729e+28	21.4433	54 	1  	7.86597
56 	161   	4266.36    	180641     	3.09441 	23006.8    	21.1267	50 	1  	7.71906
57 	167   	2138.53    	160122     	3.09441 	15292.9    	20.28  	49 	2  	7.10645
58 	176   	2950.95    	160122     	3.09441 	18350.3    	19.8867	53 	1  	6.57626
59 	148   	1576.14    	170039     	3.09441 	12443.4    	19.7967	47 	1  	5.68055
60 	152   	3299.48    	160122     	3.09441 	18587      	19.2367	38 	1  	4.44004
61 	164   	2713.25    	322108     	3.09441 	22222.1    	19.0567	41 	1  	5.01864
62 	174   	3164.14    	184099     	3.09441 	20244.1    	19.39  	47 	7  	5.11774
63 	169   	4170.17    	170039     	3.09441 	22753.3    	19.45  	43 	1  	5.04785
64 	198   	11765.4    	1.0165e+06 	3.09441 	95514.1    	19.3533	41 	2  	5.60492
65 	173   	5800.41    	988218     	3.09441 	59209.1    	19.6433	41 	1  	5.61808
66 	158   	5512.24    	179149     	3.09441 	26521      	19.61  	41 	2  	5.61527
67 	182   	2847.73    	180641     	3.09441 	18070.7    	19.8867	46 	3  	5.47057
68 	175   	2670.17    	150351     	3.09441 	16781.4    	19.5867	41 	1  	5.40763
69 	167   	3297.72    	180641     	3.09441 	20459.6    	19.58  	42 	1  	5.57287
70 	165   	2386.81    	170039     	3.09441 	16055.7    	19.3633	37 	6  	5.30955
71 	162   	4536.52    	170039     	3.09441 	23514.1    	18.8833	37 	1  	5.305  
72 	183   	3385.39    	173925     	3.09441 	20949.5    	18.6433	35 	5  	4.45677
73 	161   	4224.45    	160122     	3.09441 	23311.2    	18.7767	46 	3  	4.98064
74 	170   	1077.62    	131545     	3.09441 	7742.11    	18.5533	36 	1  	4.25212
75 	170   	1741.39    	180641     	3.09441 	12872      	18.4867	36 	7  	4.08695
76 	149   	2.02699e+32	6.08097e+34	3.09441 	3.505e+33  	18.4167	36 	7  	4.25477
77 	167   	4583.26    	180641     	3.09441 	24337.4    	18.31  	33 	1  	4.699  
78 	182   	2399.04    	160122     	3.09441 	15676.8    	18.2633	32 	3  	4.56881
79 	167   	6227.95    	1.00496e+06	3.09441 	60803.6    	18.62  	34 	7  	4.56022
80 	171   	7801.98    	988218     	3.09441 	62891.3    	18.78  	34 	4  	5.30329
81 	168   	1802.53    	180641     	3.09441 	13558.2    	18.97  	38 	1  	5.0783 
82 	148   	8299.1     	988218     	3.09441 	81198      	19.04  	35 	1  	4.22513
83 	171   	8647.21    	988218     	3.09441 	81467      	18.81  	35 	1  	4.70608
84 	162   	1587.53    	150351     	3.09441 	11877.4    	18.7633	38 	1  	4.18895
85 	166   	15318.6    	988218     	3.09441 	114001     	19.02  	35 	1  	4.70386
86 	160   	4298.4     	170039     	3.09441 	22210.5    	18.98  	34 	7  	4.23552
87 	177   	6713.51    	992030     	3.09441 	60605.1    	18.7167	32 	1  	4.1259 
88 	162   	1996.49    	181212     	3.09441 	15806      	18.7367	32 	5  	3.9909 
89 	177   	2314.47    	170039     	3.09441 	15664.1    	18.52  	30 	1  	4.75215
90 	145   	1601.57    	180641     	3.09441 	13528.4    	18.9067	33 	7  	4.25809
91 	177   	3038.02    	150351     	3.09441 	18465.7    	18.7167	39 	2  	4.28755
92 	154   	5850.46    	988218     	3.09441 	58977.6    	18.6833	30 	2  	4.46427
93 	160   	5028.68    	988218     	3.09441 	58449.9    	18.87  	34 	7  	4.16731
94 	151   	2550.96    	180641     	3.09441 	17320.4    	18.94  	39 	3  	4.11862
95 	153   	2510.24    	150351     	3.09441 	15951.2    	18.8667	32 	1  	4.1371 
96 	150   	6453.65    	988218     	3.09441 	60225.6    	18.5533	34 	6  	4.08091
97 	158   	2.22258e+29	6.66773e+31	3.09441 	3.8432e+30 	18.51  	32 	1  	3.76164
98 	149   	2380.41    	150351     	3.09441 	14752.4    	18.6   	32 	1  	4.25519
99 	158   	9186.15    	988218     	3.09441 	82093.7    	18.8   	35 	2  	4.19047
100	166   	7740.01    	1.85036e+06	3.09441 	107211     	18.7667	34 	2  	3.7308 
101	177   	7078.13    	988218     	3.09441 	60338.2    	18.7333	35 	1  	4.94121
102	143   	3353.56    	196764     	3.09441 	21061.6    	19.1467	34 	6  	4.34954
103	183   	3270.46    	160122     	3.09441 	18936.8    	18.8767	35 	1  	5.20142
104	161   	1422.61    	122120     	3.09441 	9833.35    	19.41  	36 	5  	4.6442 
105	151   	1584.84    	180866     	3.09441 	13536.7    	19.2167	35 	1  	4.75777
106	162   	5573.62    	988218     	3.09441 	59223.8    	19.41  	36 	7  	4.67995
107	169   	5629.69    	988218     	3.09441 	58724.5    	18.9667	39 	1  	5.30712
108	154   	2450.01    	159798     	3.09441 	16717.2    	19.06  	37 	1  	4.28988
109	177   	4854.36    	988218     	3.09441 	57879.1    	18.86  	37 	2  	4.4008 
110	173   	1606.67    	136381     	3.09441 	10951.8    	18.4167	32 	3  	4.51402
111	136   	1500.27    	150351     	3.09441 	12285.6    	18.7833	32 	7  	3.5482 
112	168   	5838.6     	988218     	3.09441 	59085.8    	18.7933	35 	1  	4.26973
113	168   	3696.86    	180641     	3.09441 	22261.4    	18.7567	34 	3  	4.21475
114	163   	6010.2     	952537     	3.09441 	57089.4    	18.8767	35 	6  	4.7709 
115	178   	3307.57    	150351     	3.09441 	17898.6    	18.89  	38 	1  	4.59397
116	156   	8958.74    	988218     	3.09441 	81698.3    	18.9033	38 	1  	4.74559
117	154   	2.53032e+30	7.59097e+32	3.09441 	4.37534e+31	19.03  	41 	2  	4.14999
118	156   	2441.3     	150351     	3.09441 	16047.7    	19.19  	46 	1  	4.73292
119	162   	2427.9     	180641     	3.09441 	16752.8    	19.3467	46 	2  	5.09115
120	171   	6987.53    	988218     	3.09441 	60489.9    	19.3667	46 	3  	4.55546
121	149   	3586.46    	212247     	3.09441 	21286      	19.15  	35 	7  	4.45356
122	148   	2531.45    	157123     	3.09441 	16738.5    	18.9033	37 	1  	4.20801
123	195   	5470.1     	359991     	3.09441 	30473.4    	18.6867	33 	2  	5.13632
124	178   	6552.13    	988218     	3.09441 	60050.7    	18.9333	33 	1  	5.16161
125	172   	3547.18    	242000     	3.09441 	21864.3    	19.4   	41 	1  	5.42955
126	163   	445.188    	11251.4    	3.09441 	1130.5     	19.52  	43 	7  	4.4079 
127	170   	6343.06    	988218     	3.09441 	66545      	19.0333	34 	3  	4.4958 
128	156   	3008.24    	153887     	3.09441 	18369.1    	18.6933	41 	1  	4.40446
129	160   	1876.3     	145799     	3.09441 	12526.7    	18.9767	37 	1  	4.92573
130	158   	5270.28    	988218     	3.09441 	58482.8    	18.7167	39 	1  	4.59018
131	169   	10250.2    	1.60811e+06	3.09441 	109107     	18.58  	35 	1  	4.64223
132	144   	2123.98    	160122     	3.09441 	15328.9    	18.7633	35 	1  	4.16901
133	165   	3361.16    	180641     	3.09441 	20212.7    	19.0533	35 	3  	4.15016
134	183   	6813.2     	997189     	3.09441 	61059.7    	18.8567	35 	1  	5.35563
135	176   	5838.1     	301164     	3.09441 	30620.6    	18.7767	35 	1  	5.04712
136	158   	2284.47    	310329     	3.09441 	19906      	19.0433	36 	3  	4.70972
137	187   	2812.44    	170039     	3.09441 	17912.3    	18.8267	36 	2  	4.64004
138	171   	2333.12    	170039     	3.09441 	16015.4    	18.7433	33 	1  	4.53918
139	155   	1773.03    	140291     	3.09441 	11818      	18.85  	36 	1  	4.17862
140	149   	2762.1     	180641     	3.09441 	18130.7    	18.93  	38 	1  	4.3095 
141	171   	2751.67    	182293     	3.09441 	18815.7    	18.67  	34 	7  	3.76578
142	169   	3209.85    	267079     	3.09441 	22828.3    	18.56  	35 	1  	4.45194
143	156   	7366.78    	988218     	3.09441 	61025      	18.5733	32 	1  	4.53776
144	164   	3989.3     	180641     	3.09441 	22006.4    	18.4667	35 	1  	4.36908
145	154   	1883.4     	158577     	3.09441 	13413.5    	18.2667	30 	1  	3.64631
146	167   	3.81234e+30	1.1437e+33 	3.09441 	6.59215e+31	18.5933	34 	5  	4.11922
147	167   	2557.71    	160122     	1.74375 	16892.6    	18.5067	34 	2  	4.36233
148	137   	6823.13    	988218     	1.74375 	60680.8    	18.9067	34 	3  	4.40961
149	177   	7.62468e+31	2.2874e+34 	1.74375 	1.31843e+33	18.6967	37 	1  	4.33028
150	158   	5030.77    	988218     	1.74375 	58346.5    	18.81  	33 	2  	4.40915
151	162   	7868.91    	1.38054e+06	3.09441 	81840.9    	19.0267	33 	1  	4.57303
152	148   	1274.68    	153457     	1.74375 	9124.23    	19.1767	35 	4  	4.42253
153	166   	626.135    	19208.8    	1.74375 	1735.06    	19.1667	34 	5  	4.33115
154	185   	4837.06    	180641     	1.74375 	25057.7    	19.2967	38 	3  	4.57333
155	165   	3117.2     	352112     	3.09441 	24619.2    	19.3733	40 	5  	4.53806
156	152   	6090.21    	995940     	3.09441 	59826.4    	19.2267	40 	1  	4.95264
157	186   	2899.24    	150351     	3.09441 	16493.1    	18.97  	32 	7  	4.54633
158	178   	2929.53    	150351     	3.09441 	17729.2    	18.8867	34 	4  	4.74558
159	179   	9441.3     	988218     	3.07281 	81906.4    	18.9933	36 	4  	4.76095
160	169   	2585.14    	159646     	3.09441 	17004.6    	18.9367	47 	1  	4.87435
161	163   	3197.24    	170039     	3.09441 	19223.4    	19.21  	46 	7  	4.61511
162	156   	3042.51    	182293     	2.72972 	19497.3    	19.3267	56 	1  	5.19422
163	155   	5878.66    	988218     	1.74375 	59237.8    	19.1233	35 	7  	3.93126
164	164   	2370.46    	150351     	1.74375 	16092.2    	18.9533	35 	3  	4.17027
165	163   	2253.79    	159629     	1.74375 	15315.8    	19.02  	37 	1  	4.6854 
166	169   	2230.82    	174169     	1.74375 	15835.5    	19.62  	36 	3  	4.60966
167	166   	8961.8     	988218     	1.74375 	80429.3    	19.8367	39 	1  	5.91974
168	165   	2015.07    	152785     	1.74375 	15062.6    	20.2733	45 	3  	5.43862
169	156   	1647.32    	172212     	1.74375 	13288.4    	21.01  	40 	1  	5.50786
170	155   	1250.32    	180641     	1.74375 	10517.3    	21.6033	41 	3  	5.32535
171	174   	4644.81    	1.02711e+06	1.74375 	60052.9    	22.59  	42 	7  	5.24931
172	175   	1736.22    	161704     	1.74375 	12861      	22.86  	44 	1  	5.73065
173	150   	2514.34    	161186     	1.66322 	17743.4    	23.08  	44 	1  	5.85607
174	149   	2537.33    	256713     	1.40021 	20152.1    	22.7367	39 	1  	5.25807
175	179   	5004.25    	1.01959e+06	1.40021 	60060      	23.12  	39 	6  	5.359  
176	165   	975.87     	133247     	1.40021 	7853.87    	23.4267	42 	7  	5.61171
177	162   	5443.16    	1.0272e+06 	1.40021 	60856      	23.69  	42 	7  	5.3691 
178	155   	7014.05    	1.01959e+06	1.66322 	62318.7    	23.1833	44 	7  	6.16358
179	154   	2806.42    	152454     	1.66322 	17719.3    	23.1467	45 	1  	6.10561
180	156   	391.894    	11280      	1.66322 	1168.17    	23.17  	51 	9  	4.90113
181	162   	4780.02    	1.01959e+06	1.66322 	59899.6    	23.13  	41 	1  	5.53532
182	169   	257.058    	4402.14    	1.56028 	713.154    	23.6867	39 	7  	4.61395
183	146   	347.066    	9358.99    	1.56028 	1177.55    	23.76  	40 	9  	4.82449
184	180   	384.971    	5994.43    	1.56028 	1109.34    	23.8733	48 	5  	5.58247
185	187   	1925.33    	152454     	1.56028 	13988.9    	23.9633	44 	1  	6.0472 
186	137   	1363.42    	171946     	1.56028 	12209.3    	23.9867	44 	9  	4.95511
187	180   	3004.76    	594169     	1.33653 	35062.3    	23.6433	50 	2  	5.896  
188	192   	1578.57    	142089     	1.33653 	10935.9    	23.7667	50 	1  	6.0475 
189	165   	4.44516e+30	1.33355e+33	1.33653 	7.68639e+31	24.3367	44 	2  	6.51127
190	147   	1043.15    	171879     	1.33653 	9975.94    	24.43  	41 	1  	5.82796
191	160   	2206.77    	182562     	1.33653 	17508.4    	25.2267	44 	3  	5.58826
192	162   	686.335    	123857     	1.33653 	7176.79    	25.75  	45 	1  	5.63508
193	154   	381.361    	29189.4    	1.33653 	1891.78    	26.4533	55 	4  	5.71616
194	163   	4775.35    	1.02089e+06	1.33653 	59986.7    	27.09  	49 	2  	6.29883
195	165   	1628.72    	182493     	1.33653 	14449.2    	27.7833	53 	3  	6.51893
196	162   	995.646    	171819     	1.33653 	9942.67    	28.04  	51 	7  	6.63162
197	166   	1994.39    	171946     	0.945955	15311      	29.0733	47 	3  	6.33361
198	152   	2405.09    	153454     	0.945955	16894.2    	29.5633	53 	9  	5.68794
199	162   	356.565    	20100.9    	0.913468	1409.36    	30.36  	51 	1  	6.33643
200	157   	1831.99    	182432     	0.945955	15580.9    	30.9567	54 	3  	6.28714
--------------------------------------------------------------------------------

Best individual:
Required sequence: 2, 8, 20, 28, 50, 82, 126
Actual sequence:   2, 8, 18, 29, 52, 82, 126


Best algorithm: add(mul(add(n, add(add(n, n), sub(sin(add(sin(sin(add(n, n))), n)), pi))), n), add(pi, sub(-1, add(sin(add(n, add(sin(sin(add(n, n))), n))), n))))

Failed!